Microsatellite genotypes of 7 Hypoplectrus species from 6 Caribbean locations
g2
gag010
h24
hyp001
hyp015
hyp018
e2
hyp008
hyp016
pam013
POP
chl.bar, 215241 117119 222226 229231 126126 190194 157157 238246 204208 122134
chl.bar, 203231 129165 226232 223233 126132 190192 157165 238240 188194 122152
chl.bar, 203217 123135 202226 227231 126132 194198 151163 240240 216220 144150
chl.bar, 213213 119155 216226 223227 126126 190196 157159 236238 188206 140156
chl.bar, 203203 123143 218238 225237 126126 192198 157163 244249 220224 130148
chl.bar, 217233 123123 202206 223237 126130 192192 157165 244249 184222 112152
chl.bar, 205205 119121 216226 223229 126132 186198 157157 236249 184196 124148
chl.bar, 211217 119141 206244 227231 126128 192198 157165 238240 186206 142150
chl.bar, 203203 119135 202226 231233 126126 190192 000000 248272 182188 108152
chl.bar, 205213 121149 212228 227233 126132 192192 159159 236240 198220 126146
chl.bar, 209223 119121 220222 229231 126132 190190 157159 242248 184220 106154
chl.bar, 203219 135145 216226 233233 126126 190192 157157 244244 188218 106158
chl.bar, 203261 129135 210220 223235 126126 192192 157161 248274 188226 106148
chl.bar, 203209 111119 202226 000000 132132 192192 158163 244251 000000 120154
chl.bar, 217233 119139 206242 225229 126132 190192 157165 244251 182216 126130
chl.bar, 203217 123135 206222 223233 126132 198198 157159 240240 182188 108148
chl.bar, 205221 000000 208216 235235 126132 190190 000000 236242 182224 000000
chl.bar, 211211 123139 210228 231231 126132 192194 157169 234236 196198 112152
chl.bar, 205211 111119 202230 229231 126126 190192 157159 249256 188202 146158
chl.bar, 203209 119127 202238 223227 126126 190196 157169 236251 200226 132140
chl.bar, 203203 127133 202212 227231 126126 190190 157157 236236 222224 108144
chl.bar, 211231 119137 218224 233235 126126 190192 157163 234234 199222 000000
chl.bar, 203231 135137 202248 231233 126126 190198 157159 240249 000000 122130
chl.bar, 211217 115123 216226 229231 126130 190190 158158 236244 000000 000000
chl.bar, 203211 000000 224240 233235 126132 194198 157159 234256 218224 122124
chl.bar, 203221 111123 210220 229235 126126 192192 157165 240251 000000 120142
chl.bar, 203211 121123 222228 225233 130136 190192 157157 246249 184198 114158
chl.bar, 217233 119143 230242 227233 126126 192192 157165 234260 208222 108156
chl.bar, 203225 137139 204218 223233 126126 192198 157165 238258 186224 120128
chl.bar, 215223 121157 208230 223233 126132 192192 157157 236240 214226 148156
chl.bar, 203229 000000 232236 231231 126132 198198 157159 234238 204214 108126
chl.bar, 215261 121163 232236 231233 126130 192198 157158 238240 214214 148148
chl.bar, 217231 121121 216222 227229 130132 192198 157163 236256 194194 106152
chl.bar, 205233 121121 210216 223231 126126 190190 158159 238249 182192 124124
chl.bar, 203205 119121 216226 227235 126126 190198 157157 240240 182216 124136
chl.bar, 213219 123135 204226 227229 126132 190190 157157 244274 184188 120140
chl.bar, 217231 119123 202222 227231 126126 192192 157158 234256 222237 136140
chl.bar, 203215 123163 220226 231233 126132 190192 157157 250251 182194 108130
chl.bar, 219221 119137 216244 223231 126126 192198 157158 236256 196212 120126
chl.bar, 213225 123141 226228 227235 126126 192196 157157 251256 186200 126152
chl.bar, 207215 121135 202220 223231 126132 192198 145157 240251 000000 000000
POP
nig.bar, 211213 111139 000000 225231 126132 000000 151163 240240 220220 106172
nig.bar, 203219 129133 202228 227227 126126 190192 157159 249254 182222 146152
nig.bar, 203213 119123 220222 227233 126132 192198 159163 249251 186208 124138
nig.bar, 211217 111129 202228 227229 126132 192200 157159 240249 184196 118126
nig.bar, 203215 119119 228230 231233 126126 190192 159159 238240 188220 106158
nig.bar, 219219 111111 222226 225233 126132 190190 157157 240240 196220 106144
nig.bar, 203219 119129 202216 227233 126126 190198 157157 240240 186220 150152
nig.bar, 205213 111149 202202 231231 126126 190192 161163 238238 184196 170172
nig.bar, 203203 000000 202216 223235 132132 192192 157157 240249 220222 124144
nig.bar, 217219 119137 220220 227233 126132 190192 157157 236249 204222 122144
nig.bar, 217219 119139 204222 227233 126132 190192 157157 238240 216220 106148
nig.bar, 221227 119121 202220 000000 126132 192194 157157 238249 220220 148158
nig.bar, 203213 119135 216220 227229 126126 192198 157157 258258 196220 126148
nig.bar, 203213 123139 202202 227229 126126 192194 159163 244246 218220 106138
nig.bar, 203203 111123 202224 225227 126132 192192 157157 246249 196216 152172
nig.bar, 203217 111119 202230 227229 126126 190192 157157 246249 196220 124152
nig.bar, 203217 119139 204228 235237 126132 190190 145157 240240 220220 124170
nig.bar, 213253 111129 202216 227227 126126 190192 157157 240254 220228 126150
nig.bar, 203217 119119 216232 227229 126126 000000 157157 240249 216220 148152
nig.bar, 203213 119135 220222 223231 126126 190194 157159 249249 196220 126126
nig.bar, 205215 111139 202216 223237 126132 192192 163163 236240 188222 106150
nig.bar, 203227 119135 204216 227227 126132 192192 157157 240240 184188 118152
nig.bar, 203217 111119 230230 227233 126126 192192 157157 240240 176218 106152
nig.bar, 213227 111135 202232 225227 126132 198198 157157 240240 176220 152170
nig.bar, 203213 119139 218218 225231 126126 192192 145157 240249 184184 140170
nig.bar, 213213 119129 204218 227237 126132 192198 157163 240246 188220 148152
nig.bar, 203223 133139 216216 233235 126132 192194 157163 240246 186220 144146
nig.bar, 203213 119123 196220 221227 126132 198200 157159 240240 196220 124152
nig.bar, 203203 139139 216222 227233 126132 192192 159159 238240 220220 150170
nig.bar, 213213 111119 204218 223229 132132 192192 157159 240249 216220 130150
nig.bar, 213219 119129 220230 225231 126126 190192 157159 240258 186196 106144
nig.bar, 203217 111119 216216 227227 126132 192198 157161 249249 188220 150158
nig.bar, 223227 123133 216222 227231 132132 190192 157163 240240 188220 140170
nig.bar, 219227 135135 202212 225227 126126 190198 157157 238238 196196 150152
nig.bar, 203203 111139 204230 229229 126126 190190 157157 240240 220222 144164
nig.bar, 205215 111111 212220 223233 126126 198200 157157 238240 196196 126144
nig.bar, 203217 121137 206220 223227 126132 190190 157157 238240 220220 126142
nig.bar, 203203 117133 204222 223229 126132 192192 157157 240240 220222 106124
nig.bar, 203211 123135 220232 227231 126132 190192 157163 240240 220220 108170
nig.bar, 217227 123139 202202 225227 132132 192198 157157 240240 220220 108152
nig.bar, 203211 111141 202212 227237 132132 192198 157163 238240 176220 106150
nig.bar, 203213 119129 216230 229237 126126 190192 157163 238240 216220 126148
nig.bar, 203227 119119 202204 227227 126126 190192 157163 240246 188220 126152
nig.bar, 203213 117139 216230 227227 126126 198198 159163 238249 214220 132148
nig.bar, 203227 119119 202222 227229 126126 192192 157159 238240 186196 150158
nig.bar, 203253 129139 202210 227237 126126 192192 157157 240240 176196 124144
POP
pue.bar, 203235 121127 210248 225231 126132 190192 157157 236244 194220 114128
pue.bar, 205217 119119 204216 225229 126126 190192 157165 236236 216222 106144
pue.bar, 203203 135147 224226 233235 126136 190198 157163 238250 202226 126160
pue.bar, 211217 119121 228230 223231 126130 190190 157157 240244 220226 138160
pue.bar, 205225 121125 208216 227231 132132 192192 158159 244256 192196 146146
pue.bar, 217233 119121 216228 227233 126126 192198 157157 242256 194216 000000
pue.bar, 203209 000000 216222 223229 126130 192198 157157 234236 188226 118130
pue.bar, 203215 119119 222234 233233 130130 190190 157157 240246 182188 108126
pue.bar, 203243 111121 216224 231231 126126 190192 157159 234249 188198 118126
pue.bar, 203225 121135 206232 231231 126130 192198 157159 240249 182222 122156
pue.bar, 203211 121123 224236 227231 126132 192192 157163 238238 182204 138148
pue.bar, 227233 119123 216234 227233 126130 190190 157159 236245 186188 124142
pue.bar, 203223 133141 236240 231231 126126 192198 157157 234236 194204 118126
pue.bar, 203217 141145 222226 227235 126126 190192 145157 238240 182196 108108
pue.bar, 205221 125147 210238 223231 126132 192198 157157 234234 188200 106148
pue.bar, 203235 123123 230234 223231 126132 192198 157157 236256 188214 122136
pue.bar, 203211 121143 212248 223229 126132 190196 157159 234242 214216 118128
pue.bar, 213217 123169 204234 223231 126134 190198 157163 236248 193224 142148
pue.bar, 203223 119127 224236 231235 126126 192192 157165 234244 198220 114144
pue.bar, 211215 125139 204206 229233 126132 190190 157163 238246 200206 108168
pue.bar, 203217 111121 216228 225231 126126 190202 157157 234258 198222 136142
pue.bar, 203225 119149 204212 225233 132136 190192 158158 242251 186218 128148
pue.bar, 203207 111111 212218 223223 126132 190192 157163 236256 188220 118138
pue.bar, 225243 119125 206222 227235 130132 192198 157159 234248 204218 144146
pue.bar, 203241 117141 226226 231231 126126 192198 157158 238240 188214 122126
pue.bar, 203217 123145 216216 231233 126132 190192 157159 242242 182216 128152
pue.bar, 209237 121123 212226 227227 126130 190190 000000 236251 186220 126148
pue.bar, 203221 117121 220234 229229 126126 192198 158159 246249 194224 154158
pue.bar, 221239 000000 230248 223227 126126 192198 157157 238242 218222 120124
pue.bar, 203209 119139 204220 225233 126126 192198 157158 238238 199208 144148
pue.bar, 205211 131135 218226 229233 130132 198198 157157 244256 204240 112146
pue.bar, 203203 119139 208214 223227 126132 192194 157163 234256 202214 140166
pue.bar, 205233 121135 222226 223231 126126 190192 157157 236256 188202 124126
pue.bar, 211241 119135 212228 233233 130132 190190 159163 234238 188200 122138
pue.bar, 217237 111135 202244 229231 126132 198200 157159 236240 182212 116172
pue.bar, 235237 121141 208218 223229 130132 192198 157157 249251 198204 120142
pue.bar, 211231 121123 216226 223231 130132 190194 157163 236238 182222 130146
pue.bar, 217225 117133 202248 233235 132132 190192 157157 240246 199212 134148
pue.bar, 211213 127133 206228 231235 126132 192192 157158 238248 186199 144152
pue.bar, 215229 123153 206230 231235 126132 192196 165165 240249 194194 128154
pue.bar, 203227 123123 220220 227229 126132 190194 145157 240244 186222 126164
pue.bar, 203203 121121 210226 229233 124126 190190 157157 236240 186206 106124
pue.bar, 205217 119135 216222 227233 126132 192192 158163 234240 199220 106126
pue.bar, 209231 119127 214216 233237 126126 192192 157159 244274 186218 126134
pue.bar, 203217 123145 212226 223233 126132 190198 157159 236244 206222 122126
pue.bar, 205211 119147 208226 229231 126134 192192 157157 244248 176198 128138
pue.bar, 203261 133139 206226 231233 130132 190192 157159 236274 172198 108144
pue.bar, 211215 121139 226232 223227 126130 190192 157163 249256 186198 106138
pue.bar, 203211 111139 210216 231235 126126 190192 157163 248250 199222 122144
pue.bar, 205221 123149 204226 233233 126126 192198 157165 240274 182220 122148
POP
ind.bel, 203217 119119 222240 225231 126126 192192 157157 238238 184214 124148
ind.bel, 217237 135141 240240 221231 132132 192194 157159 238244 196214 134138
ind.bel, 203217 119119 214214 229231 126126 192192 157163 238238 208230 130146
ind.bel, 205217 141141 208210 227227 126126 192198 159159 238242 184186 122126
ind.bel, 203217 121139 210222 225227 126126 198198 158163 240249 184191 114126
ind.bel, 217233 119119 214240 227229 126126 192198 157159 236244 198208 124138
ind.bel, 217217 123143 214214 229237 126126 192198 145157 242244 191198 122154
ind.bel, 213217 141145 208228 227229 126126 192202 157157 238246 184214 122130
ind.bel, 203219 119119 222240 229229 126126 192198 145157 238262 184184 114130
ind.bel, 203235 141151 214234 229233 126126 192192 157167 244244 184196 122152
ind.bel, 205205 119145 230240 227227 126126 190198 157157 238262 192214 126126
ind.bel, 203217 119133 214244 227229 126126 192192 157157 238249 184234 126142
ind.bel, 217221 139139 214240 223227 126126 192198 157159 240244 198200 122144
ind.bel, 217217 119123 240240 227229 126132 192198 157157 234238 184186 122146
ind.bel, 217229 141145 222240 227233 126126 192198 157159 238240 196198 122126
ind.bel, 205205 141143 214240 227229 126126 194198 157157 238244 184220 114126
ind.bel, 203217 119141 208216 227229 126126 192198 157159 240249 184208 106142
ind.bel, 203203 119141 240240 223229 126126 192198 157157 244244 184184 122142
ind.bel, 203227 119119 214222 229231 126126 192192 157159 238244 198206 106124
ind.bel, 203217 119123 222240 229229 126126 192198 157157 238244 184184 126152
ind.bel, 203203 139141 240240 227227 126126 190192 157157 238244 184198 124128
ind.bel, 203225 119141 220240 223227 126132 192198 157157 238262 184230 146150
ind.bel, 203217 133141 210240 227227 126132 192198 157158 238249 208210 122140
ind.bel, 217221 139139 222226 227227 126126 198198 159163 238244 176184 126126
ind.bel, 203217 119135 206210 229231 126126 192192 157157 238249 196214 136136
ind.bel, 217217 119141 240240 227227 126126 194198 157159 238240 000000 124162
ind.bel, 203205 119133 214240 229229 126126 192198 159163 238244 186195 122174
ind.bel, 203217 119119 214240 229229 126126 198198 159163 234234 184191 122146
ind.bel, 000000 123141 224240 223229 126126 192192 157157 238238 196196 122122
ind.bel, 203259 119141 240240 225227 126126 192198 157159 244254 184194 120146
ind.bel, 203203 119119 214216 225231 126126 190198 157157 242249 184204 000000
ind.bel, 205221 119119 222240 223223 126126 190192 157159 238249 184208 108146
ind.bel, 203205 139141 240240 227231 126126 190198 157163 238238 184208 108140
ind.bel, 205217 123141 214222 225231 126126 190198 157157 244244 184196 122138
ind.bel, 203205 141141 222240 227229 126126 192194 157157 240242 184194 124128
ind.bel, 205235 119123 240240 227227 126126 192192 157159 240244 186191 126146
ind.bel, 203203 119139 212218 229231 126126 192198 163166 238238 191198 108122
ind.bel, 217235 119145 210214 229229 126126 192192 157163 234238 184191 126148
ind.bel, 203221 119119 212230 227227 126126 190198 163167 238238 184186 118122
ind.bel, 203221 119119 222240 221231 126126 192198 157158 238238 184224 122148
ind.bel, 000000 139141 214240 227229 126126 192194 157157 244262 186208 150154
ind.bel, 203221 000000 206240 000000 116126 000000 157157 238244 184194 124126
ind.bel, 217225 123145 222222 223231 126126 192192 157157 238244 184230 124154
ind.bel, 203203 119123 222240 227229 126126 192192 157157 244244 184192 122136
ind.bel, 217217 119123 222240 227227 126126 192198 157159 238238 184196 122124
ind.bel, 203235 139141 222244 225227 126126 192192 000000 234238 000000 000000
ind.bel, 203205 137141 206214 233235 126132 198198 157157 234244 184214 108108
ind.bel, 203203 123141 214240 229231 126126 190192 157157 244244 184206 118126
ind.bel, 217253 119119 206216 223229 126126 192192 157157 238249 184208 118124
ind.bel, 205217 119119 214214 223227 126126 198198 157163 244249 198208 124126
ind.bel, 221235 133139 210222 227231 126126 192198 157163 238240 188208 122126
ind.bel, 203203 119133 214240 231231 126126 192198 157159 238238 184198 124136
ind.bel, 000000 119139 240240 229231 126132 192194 157157 238244 191196 106168
ind.bel, 203217 123141 222240 229231 126126 000000 157159 244244 184206 122126
POP
nig.bel, 203225 123139 216226 223233 126132 192192 163163 238238 182184 108128
nig.bel, 203205 121123 218230 225233 126132 190192 159163 238242 182198 126136
nig.bel, 211223 119137 220244 229231 126126 190192 157159 240244 184199 118126
nig.bel, 203227 113137 206214 229233 124136 192192 157159 244276 182230 142146
nig.bel, 203203 125137 206226 223231 132132 192192 163165 238238 194218 138140
nig.bel, 205219 119149 200226 231231 126126 192194 157157 236238 186194 128140
nig.bel, 203221 137137 206226 227231 132132 190192 000000 238251 176220 108140
nig.bel, 217221 137155 212212 229235 132132 190198 157161 244258 194216 122138
nig.bel, 205215 123137 206206 227233 126132 190192 157157 236251 212224 118122
nig.bel, 203203 137137 224228 223233 126132 190192 157157 238272 194200 136142
nig.bel, 203225 115119 206216 223233 126132 198198 157157 248251 172208 136156
nig.bel, 217227 123137 206208 231235 126132 190198 163165 236256 199206 102132
nig.bel, 203211 123127 206234 223231 126126 000000 157159 249274 198224 114138
nig.bel, 205217 119149 228246 227229 126132 198198 157159 238240 194222 134138
nig.bel, 189205 119129 212240 231235 126132 192198 157159 238238 208218 128132
nig.bel, 205209 135149 206222 231235 126126 190192 157163 240256 176229 106142
nig.bel, 203213 123135 210210 229231 126132 190192 157163 242242 208216 146152
nig.bel, 203229 125137 228228 225233 126132 190194 159165 244244 188202 124154
nig.bel, 203203 123137 206230 231233 126126 190192 145157 238249 218218 126146
nig.bel, 205233 119137 206230 231231 126126 192198 157163 244244 176184 126126
nig.bel, 203217 137137 218224 231231 126136 192198 158163 244246 190212 106136
nig.bel, 203205 119141 212238 229229 126136 192194 157163 238244 200216 124138
nig.bel, 203205 119125 212212 235235 128132 192192 157159 238238 198200 106118
nig.bel, 211259 133137 206208 227231 126126 192198 163163 234248 182191 126140
nig.bel, 217233 137147 206244 233233 126126 190192 157157 256283 184224 132162
nig.bel, 211227 133137 210216 231231 126126 192192 157163 238246 184188 122162
nig.bel, 205217 113127 202212 223235 126132 190192 157159 236240 208220 124132
nig.bel, 201205 125133 210214 231235 126132 190194 157165 236238 186199 122124
nig.bel, 203205 119137 214218 231231 126132 192192 158163 240244 210224 134140
nig.bel, 211233 119161 208228 227231 126130 192192 159165 238244 188216 140156
nig.bel, 205237 137153 220228 229231 126132 190204 157159 246260 182218 122144
nig.bel, 203215 133137 206222 233237 126126 192198 157157 238256 194212 122126
nig.bel, 203203 111123 226230 227231 126126 192198 157157 238244 194198 140146
nig.bel, 205219 131147 218244 231231 136136 192192 157157 238240 182220 106138
nig.bel, 203221 137137 228230 227233 126132 192192 157157 238238 206222 110138
nig.bel, 205217 123135 206214 227235 126126 192192 157163 256258 186194 126136
nig.bel, 205217 147149 220222 229231 126126 192198 157163 238238 182204 106140
nig.bel, 217235 119123 222242 231231 126132 192192 157157 238238 182220 106116
nig.bel, 203227 135137 208226 231233 126126 192192 157157 238246 194212 122132
nig.bel, 227231 135137 206212 231233 126126 192194 165165 248274 194216 118120
nig.bel, 203215 115123 202204 227231 126130 198198 159163 234244 186226 120154
nig.bel, 219221 143147 206212 231231 136136 192192 157163 260268 182191 126150
nig.bel, 203235 123161 206230 223227 126132 192192 157169 238238 182191 132138
nig.bel, 203203 119125 206226 231231 132132 192192 157157 256256 191220 132138
nig.bel, 203203 137137 206208 225231 126132 190192 157157 242256 184204 126168
nig.bel, 223237 125127 206226 231235 126126 192198 163163 238251 188196 122142
nig.bel, 205205 137139 216218 233235 126132 190192 157163 236279 176206 126142
nig.bel, 205227 137147 206216 223223 126132 192194 157165 242252 176186 132132
nig.bel, 201211 123137 216218 231231 126132 192204 158165 246256 192196 106126
nig.bel, 205207 123123 190216 231231 126126 190198 157165 236244 182188 120156
nig.bel, 203203 119135 206206 231231 132132 190194 159159 238276 200222 138146
POP
pue.bel, 205215 119125 220244 225233 132132 190192 157157 240242 184200 142144
pue.bel, 203225 121121 204230 227231 126130 192194 157157 238244 182186 124146
pue.bel, 203227 125145 206216 225231 130132 192194 157157 236244 198214 126134
pue.bel, 211253 121129 220238 229233 126136 190192 157157 236240 186220 118132
pue.bel, 205235 119137 218244 225233 126126 190198 157159 240244 192210 124128
pue.bel, 203205 119137 206222 229233 126126 194198 157159 234238 197224 136154
pue.bel, 205225 141149 206216 233235 126126 190192 157157 236240 186206 112116
pue.bel, 205221 119119 216222 231233 126126 192198 163165 234246 182200 122140
pue.bel, 219235 119139 230238 225233 126132 192192 158158 253280 202226 122146
pue.bel, 203215 119121 192218 225233 132132 190190 157159 240258 182206 120130
pue.bel, 221227 133145 204222 221233 126132 190192 157163 240276 188194 124124
pue.bel, 203205 121125 218222 227227 132132 192198 157157 249258 186202 108114
pue.bel, 205205 151167 234244 229231 126134 192198 157163 238251 186218 124124
pue.bel, 205207 135139 212228 233233 126130 192192 159163 238278 222232 126128
pue.bel, 237255 121123 208216 231235 132132 192192 157163 238249 182184 126136
pue.bel, 205211 119133 210218 223225 126126 192192 157159 240249 176228 118148
pue.bel, 205215 139145 212244 227233 126126 192198 157163 240260 184198 124126
pue.bel, 205209 115137 212226 227229 126132 192192 157157 244246 202218 122152
pue.bel, 215225 141151 216218 225225 126132 190192 157171 246274 176226 130136
pue.bel, 203241 117137 204224 229233 132136 190192 157159 244274 186214 134152
pue.bel, 203221 121123 220226 227235 126132 190190 157163 236262 184218 106158
pue.bel, 203217 119119 220226 231231 130132 192194 157159 240256 188230 128142
pue.bel, 203205 111121 210214 233235 132132 190192 157157 240244 190224 128134
pue.bel, 207217 119119 222226 229229 126126 190192 157157 234238 192216 108120
pue.bel, 205207 143147 214226 225231 126132 192198 157163 234240 188208 126146
pue.bel, 205205 119129 210212 225231 126126 192196 157157 236244 182214 122132
pue.bel, 225227 121129 218226 227237 126126 192198 159163 238240 188202 108124
pue.bel, 203207 137139 240240 227231 126132 190192 157163 234251 204226 154156
pue.bel, 201205 123137 218220 229233 126132 000000 157157 256280 216218 122140
pue.bel, 203205 119127 202222 229235 126126 190192 157159 236238 214220 124138
pue.bel, 203205 121137 210232 231235 130136 192198 157159 238244 186190 122126
pue.bel, 203247 117119 208224 225233 126132 190198 157157 240262 184208 136136
pue.bel, 217233 125141 202224 223233 126130 192194 157159 238249 194198 106140
pue.bel, 203209 111123 204228 231231 126126 192198 157159 240240 216228 106136
pue.bel, 223227 121141 222240 229231 126126 190192 159163 234238 186206 122128
pue.bel, 203219 125137 220240 223229 126126 190192 145157 238251 186186 146150
pue.bel, 215227 119133 218226 225231 126132 192198 157159 256270 182196 114126
pue.bel, 203227 119121 224236 225231 132132 190198 157157 244246 198230 118140
pue.bel, 217225 127135 204222 231231 126126 192198 159165 236240 186198 124154
pue.bel, 223229 135149 206226 233235 126132 190192 157163 238254 186210 132168
pue.bel, 203205 137151 210212 231233 126126 190192 157157 244246 184226 138144
pue.bel, 205225 119137 204218 225225 130132 192192 157157 258276 188190 106124
pue.bel, 203253 117157 218222 227229 126126 192198 157159 246254 190226 122130
pue.bel, 203211 121141 204206 229229 126126 190192 158159 238266 184222 122154
pue.bel, 223227 123169 216240 231231 126130 198198 157157 249251 186216 136140
pue.bel, 217219 121123 210218 233237 126132 190192 157159 236244 190199 124144
pue.bel, 209211 123125 230240 231233 132132 192192 158159 238244 182190 114136
pue.bel, 215215 111123 204224 225227 130132 194202 157159 236244 196212 114126
pue.bel, 203209 119149 218218 233233 126132 190198 157157 240244 182202 124148
pue.bel, 203205 119153 218218 223223 126126 192192 157157 234236 206212 118124
POP
nig.boc, 203215 000000 218220 223233 132132 000000 157163 238268 192198 140140
nig.boc, 205233 119119 212222 223225 126136 192192 157165 248251 184199 128136
nig.boc, 215233 119129 206224 227235 136136 192192 157161 238238 192220 108140
nig.boc, 215215 137137 218224 229231 126126 190198 157157 238244 188208 106106
nig.boc, 203215 000000 216220 233233 126132 192198 157163 238272 192204 120124
nig.boc, 221237 117137 220236 231231 126126 192192 157157 238240 200220 134136
nig.boc, 203215 119133 212220 229233 126132 190192 157157 256278 192194 118138
nig.boc, 215227 000000 206220 229229 126126 192192 165169 236238 176224 132140
nig.boc, 203225 000000 228230 000000 126132 190192 157157 000000 188234 108116
nig.boc, 227229 129135 214222 223235 126132 190198 157159 236238 184192 122144
nig.boc, 203215 119119 206220 227235 132136 192192 157163 238258 199234 132136
nig.boc, 203233 119119 224230 223233 126132 192192 157161 238238 194224 120122
nig.boc, 203203 117123 220226 227227 126126 192200 157163 238254 192204 128140
nig.boc, 215233 123137 220228 231233 130136 192198 157163 238258 194206 138156
nig.boc, 203205 135139 220220 231233 126126 190192 157157 238256 204208 106122
nig.boc, 203221 000000 222230 223225 130132 190192 157157 240248 204232 122132
nig.boc, 205215 117133 214228 223231 126132 192194 157157 238260 194224 108132
nig.boc, 203213 117137 214220 227235 132132 192192 159163 238256 199222 126140
nig.boc, 215217 117137 220228 231231 126132 190192 157157 244244 192220 126134
nig.boc, 203215 133137 204220 229229 126126 190192 157163 234238 199236 138140
nig.boc, 203211 125129 220222 233235 132132 190190 157157 238242 194210 108108
nig.boc, 203233 119123 206220 223227 126126 192198 157163 236240 198226 126134
nig.boc, 205255 123131 216220 229233 126130 192192 157157 238240 198204 138138
nig.boc, 205233 119125 206214 231231 126132 192192 157163 238254 198226 108140
nig.boc, 233233 117135 220230 233233 126126 192192 161163 238238 204220 136140
nig.boc, 203215 117123 220220 231233 126128 192192 157159 234244 198220 112132
nig.boc, 205215 119119 220240 231231 126130 192192 163165 236238 204210 122126
nig.boc, 203203 119133 220220 227229 126126 192200 157161 236238 198198 106128
nig.boc, 203245 123129 214218 233235 126132 192192 157157 236238 192198 138138
nig.boc, 203209 121137 206228 227231 126126 192192 157165 238238 194194 134140
nig.boc, 207215 123133 216244 000000 126128 192196 159163 240250 190204 108140
nig.boc, 203233 133149 204220 231233 126126 190198 157159 238240 204204 000000
nig.boc, 203205 117117 206214 223231 126126 190190 157163 000000 198216 136146
nig.boc, 215233 135137 206218 000000 126132 192192 159161 234238 184198 132144
nig.boc, 203215 123141 218220 233235 126126 192192 157157 234234 194198 122140
nig.boc, 203207 115119 220220 227233 126126 192198 157163 244248 184198 108138
nig.boc, 203233 000000 218220 227229 126130 192192 157163 236238 194220 108122
nig.boc, 209217 000000 206220 227231 126126 192198 157157 238240 188198 136152
nig.boc, 203215 133137 214220 231231 126126 192192 157157 234238 194224 122128
nig.boc, 215217 117133 220220 227233 126132 192198 157157 240278 194198 134144
nig.boc, 203207 000000 218224 221229 132132 190192 157159 238244 184214 138138
nig.boc, 203219 119139 214220 227231 126126 192192 157157 244274 202218 116132
nig.boc, 203203 123151 214222 227231 126126 190192 157157 238256 206222 108156
nig.boc, 215233 119121 214218 225233 126132 192192 157157 240256 204220 108144
nig.boc, 203211 133137 220224 227227 126126 192192 157157 240244 188199 000000
nig.boc, 203203 131145 220220 233235 126132 192192 157163 238252 186204 128132
nig.boc, 203205 127135 204224 231231 000000 192192 157163 238258 188198 106128
nig.boc, 203215 123155 216224 227231 126126 190198 157157 238250 205220 118142
nig.boc, 203215 117117 206214 231231 130132 192192 157157 238240 198224 000000
nig.boc, 205233 129133 220230 229235 126132 192198 157159 238240 194198 118118
nig.boc, 217223 117137 212214 227231 126126 198198 157157 238272 184210 136142
nig.boc, 217233 153155 220224 227227 126126 192198 157158 236238 194220 138150
nig.boc, 203217 117139 206206 225231 126132 192192 145157 238251 182198 126134
nig.boc, 203217 127149 204228 227231 126126 192192 157163 240240 194198 108130
nig.boc, 203203 121151 220228 227227 126128 192192 157157 238240 194194 108134
nig.boc, 203215 119123 220220 227231 126132 192192 157157 238258 188210 106106
POP
pue.boc, 209217 000000 210240 233233 126136 190190 159159 246272 182198 114120
pue.boc, 203229 000000 200216 231233 126126 190192 163165 245276 188226 106138
pue.boc, 217217 137151 204220 225227 126132 192192 157158 234236 182202 106158
pue.boc, 203223 129135 216228 231231 126126 190192 159169 238244 188196 138146
pue.boc, 223239 119119 210226 229229 126126 192192 163163 236240 202208 128136
pue.boc, 217219 119141 216222 227229 126126 198198 157163 244249 202220 122142
pue.boc, 203227 121121 216216 229231 126126 190192 157163 244258 194226 114150
pue.boc, 219223 121127 216226 225233 130132 190192 157159 242280 182198 118132
pue.boc, 203203 111133 218224 229231 126132 192198 157159 238238 188200 106124
pue.boc, 203213 127129 206218 229233 126130 192192 157159 240240 200226 136160
pue.boc, 203211 129131 214216 225233 126126 190192 157163 244244 182182 150152
pue.boc, 203215 117123 212232 229233 126126 192192 157158 234236 182220 122134
pue.boc, 233259 119151 210218 225229 132132 190192 158161 236244 194226 122150
pue.boc, 203213 119125 204218 223233 126130 190192 157163 238256 212220 128138
pue.boc, 217237 000000 204230 233235 126126 190198 163163 236246 198212 106132
pue.boc, 205215 119141 210224 223231 126128 190192 163163 238240 182222 152158
pue.boc, 203239 113121 210226 227229 126126 190192 159163 236246 182198 128148
pue.boc, 203219 119121 208230 233233 126132 192192 157157 238262 182186 134146
pue.boc, 201203 119135 216244 225227 126132 192192 157157 236278 182182 124128
pue.boc, 203205 129131 218234 225235 126132 192198 157157 236236 194194 130136
pue.boc, 207215 119143 216220 233237 126126 190192 157157 234256 188194 132160
pue.boc, 203227 121139 212222 223235 126126 192196 157163 245278 188206 134134
pue.boc, 205217 119149 216240 231231 132132 192198 157159 246249 202214 132140
pue.boc, 203223 000000 204224 225227 126126 190192 157163 238238 182220 110150
pue.boc, 203205 111137 202202 227233 126126 190194 159163 236256 188214 140156
pue.boc, 203211 119137 216258 223235 126132 192192 157157 238249 176182 132132
pue.boc, 203205 000000 226226 233233 126126 192192 157158 238244 202226 134148
pue.boc, 203211 119121 216218 233233 130132 192198 157157 240249 192218 128148
pue.boc, 205217 119123 218228 225231 126126 192198 157157 248250 182214 120122
pue.boc, 203233 127133 210226 221231 126126 190192 157158 230244 194198 000000
pue.boc, 205217 000000 206220 227231 130132 190192 157159 256256 186220 108130
pue.boc, 219235 119119 202230 225227 132136 192192 157157 250258 194220 106106
pue.boc, 211229 000000 214226 000000 132132 000000 157157 238246 186226 122158
pue.boc, 201207 000000 202206 225231 126132 192192 159163 242244 194220 116148
pue.boc, 211225 000000 204244 231233 126126 192192 157163 244249 198200 128146
pue.boc, 203219 000000 210224 225225 126126 192192 157165 238240 194214 132152
pue.boc, 203217 119133 206218 223231 126132 198198 158158 236276 186196 120132
pue.boc, 215217 000000 210230 223235 126126 190192 157161 236239 188222 124134
pue.boc, 217223 119121 212228 225231 126126 000000 157157 236238 194222 106124
pue.boc, 203217 000000 210216 229231 126132 190192 157157 234268 182194 122122
pue.boc, 205211 123123 212216 233235 126130 192192 157158 246256 182212 122126
pue.boc, 233249 119137 212224 223233 126126 192192 163165 238251 182226 106136
pue.boc, 203203 117119 206206 229233 126136 192198 157159 236248 182194 106120
pue.boc, 203219 111121 204218 231233 126126 192198 157157 234236 182222 114146
pue.boc, 203209 119155 216216 229231 132132 192192 157165 238249 202222 120122
pue.boc, 205217 121141 204236 231233 126126 192192 157157 234238 182206 122138
pue.boc, 215225 121151 216230 231235 132132 192192 157165 249258 220222 106136
pue.boc, 203203 117119 204216 227231 126132 192192 157163 238272 182218 126150
pue.boc, 203213 000000 204216 231233 126130 192192 157157 236238 182196 118138
pue.boc, 203231 137137 216228 229231 126136 190192 157157 238240 196204 128132
POP
uni.boc, 203217 121121 206228 233233 126126 192198 158158 236244 184206 128132
uni.boc, 203217 121135 212226 229233 128132 192192 159159 236246 182196 108126
uni.boc, 203253 121131 204226 227233 130132 190192 157157 234240 184224 126130
uni.boc, 203211 000000 206222 223227 126134 192198 157157 234285 206220 138158
uni.boc, 203203 111119 222224 227229 132132 192192 159159 246249 220222 124160
uni.boc, 203205 121127 208226 227231 126132 190190 157157 234260 188202 128136
uni.boc, 217225 121141 208236 231231 132132 190192 157159 240258 184222 106126
uni.boc, 215217 123155 204214 221233 126130 190192 157159 236246 186222 122132
uni.boc, 211221 119133 206222 229231 126126 190192 157157 256258 202210 106134
uni.boc, 203233 127155 204222 225229 126134 192198 145157 000000 000000 106150
uni.boc, 217225 119123 218222 231235 126130 192192 159159 234246 194214 128136
uni.boc, 227233 119137 206212 231233 126126 192198 157157 248264 214224 146148
uni.boc, 205217 000000 204206 233233 126132 192192 157159 248256 188194 150158
uni.boc, 203217 133139 208226 227235 130130 190198 157157 242249 216222 134154
uni.boc, 215233 121123 202224 227227 126132 190192 157159 249249 212212 118120
uni.boc, 203205 119127 216234 225231 132132 192198 157159 236249 186196 106128
uni.boc, 215229 123133 204206 227229 126126 194198 157158 252256 196208 112128
uni.boc, 203243 119133 212244 223231 126126 190198 157158 244256 184196 122128
uni.boc, 215217 137139 204210 225233 126126 190192 157157 240249 194194 126138
uni.boc, 205223 131133 204220 231233 126136 192194 157165 238244 202224 130144
uni.boc, 215217 127135 204206 221227 132132 192192 157159 249264 184206 126154
uni.boc, 211229 121137 226226 223231 126130 190192 157165 236244 186186 128162
uni.boc, 227241 133135 214218 227227 126130 192192 157171 242249 186198 100122
uni.boc, 203259 119119 218226 225229 126130 192192 157157 240258 212212 124134
uni.boc, 203215 119127 216234 233233 126134 192194 157157 240240 194206 126144
uni.boc, 205225 119133 202206 233237 126130 198198 157157 256282 220222 126128
uni.boc, 219221 121131 206222 227233 126126 190192 157163 234238 224226 138150
uni.boc, 223235 111133 222226 225233 126126 190192 157157 238244 188194 122126
uni.boc, 203229 123127 212226 233233 126132 192192 157159 237238 182194 114128
uni.boc, 211223 111135 204228 223233 128132 190192 157157 251256 196206 132150
uni.boc, 217219 131135 212226 227229 126126 190192 157157 238284 204212 118132
uni.boc, 217233 113141 220242 227231 124126 192192 157157 236244 220224 138158
uni.boc, 203213 127129 206224 223227 126126 190192 157157 234256 190222 106112
uni.boc, 223223 119135 204206 225233 126126 190192 158159 236262 186214 118162
uni.boc, 203203 119123 226244 233233 126136 190192 157157 236249 184202 134162
uni.boc, 203221 121121 204244 227233 126132 190190 157159 236262 212218 126162
uni.boc, 217219 111121 206226 231233 126130 192192 157163 244246 194206 108128
uni.boc, 213221 115119 202202 229233 132132 190190 157163 244285 186194 106118
uni.boc, 203217 121139 212226 233233 126126 192198 157157 236249 206228 106134
uni.boc, 215229 127133 212220 227227 126132 196198 157158 238244 000000 142164
POP
gum.med, 203229 119145 206210 227231 132132 190190 159165 237245 188236 120124
gum.med, 205211 119119 202202 223231 132132 190192 157158 236243 196224 120126
gum.med, 211223 119119 206210 231235 132132 190192 157165 236251 196234 124156
gum.med, 223231 119121 210210 231231 130132 190192 157165 000000 216234 108126
gum.med, 211219 119133 206210 231231 130136 190192 165165 246251 198234 126126
gum.med, 203215 133145 202210 225231 126130 192192 157157 237245 198224 122128
gum.med, 211233 133133 210214 227231 132132 190190 163165 236236 196196 160164
gum.med, 219237 119139 210214 231231 130132 192198 157165 236248 196198 124164
gum.med, 211235 119121 206210 223233 132132 190190 157165 240243 214234 118118
gum.med, 215219 137157 214232 231233 132132 192192 159165 246246 208222 126162
gum.med, 205205 127133 210214 223229 132132 190192 157157 234236 196234 162164
gum.med, 223223 119119 206214 231231 126132 190198 157165 234236 216224 126148
gum.med, 211223 133139 210210 225231 126132 190192 157165 243248 228236 144156
gum.med, 203233 000000 210210 231233 126130 190192 157165 236244 198206 132148
gum.med, 215233 135145 210214 223229 132132 192192 157157 235251 196196 126144
gum.med, 203229 119137 210212 231235 132132 190192 157158 235251 198224 122126
gum.med, 203235 000000 210210 227231 130130 192192 157157 237248 204218 120122
gum.med, 211233 119133 210218 231231 126132 190192 157163 242251 196198 118156
gum.med, 203235 119119 210226 231231 132132 192198 157163 236237 196214 108122
gum.med, 221223 000000 202210 231231 132132 192194 165165 236246 212214 120136
gum.med, 219221 000000 206210 231231 132132 190192 000000 234246 224224 132164
gum.med, 203203 000000 210218 223231 126126 194198 157165 249256 000000 140144
gum.med, 217223 119133 210210 231233 126126 190192 157157 234243 000000 150154
gum.med, 211233 000000 210210 231231 126132 190190 157158 246246 000000 122156
gum.med, 223235 119119 202216 231231 126132 192192 157157 240246 216236 154160
gum.med, 219233 133135 210226 233233 126132 190192 157163 246246 196234 122160
gum.med, 203215 119119 210210 231231 132132 190192 157157 256282 194234 118160
gum.med, 217219 121135 210226 231233 126132 190190 163165 234255 186204 122138
gum.med, 211219 121133 202226 231233 132134 190192 157163 236246 214236 106136
gum.med, 211219 121121 222226 000000 126130 190192 157165 236251 196204 154156
gum.med, 203233 119133 202206 231231 132132 192192 157163 242246 196216 126136
gum.med, 229233 121133 210214 227231 132132 190192 157163 236236 196216 106126
gum.med, 211235 000000 210210 227231 126130 190194 157157 251251 196198 106130
gum.med, 233237 000000 216226 231231 132132 190190 157165 236237 182196 128164
gum.med, 219233 000000 214218 231231 130132 190192 157159 236246 222234 106126
gum.med, 203223 133139 210214 231231 126126 190192 157163 246248 198222 118126
gum.med, 211229 119133 202202 231231 130130 192192 157163 236246 196198 126160
gum.med, 211223 119119 206210 231231 132132 192192 159163 236237 206224 126162
gum.med, 211233 000000 210218 231231 130132 190194 157157 251251 212222 150156
gum.med, 203229 000000 210214 227231 126132 190194 157163 244260 198204 122154
gum.med, 235235 000000 210210 231231 126126 000000 163163 000000 196208 108156
gum.med, 211223 000000 206232 231231 130132 190190 157159 244246 196196 000000
gum.med, 211223 000000 202210 231233 130132 190192 157163 000000 196234 126156
gum.med, 207233 000000 210226 231231 130132 190190 158165 240246 198198 122132
gum.med, 223227 000000 210226 231231 132134 190190 165165 236251 196196 118128
gum.med, 197203 000000 206210 231233 132132 190192 157165 248251 196198 106156
gum.med, 203229 000000 210232 231233 132132 192192 158165 236237 216228 116154
gum.med, 219233 000000 210210 229231 126132 190192 157165 236246 182198 126144
gum.med, 215231 133157 210210 229231 132132 190192 157167 237237 182196 156160
gum.med, 211219 119119 202210 231233 126132 190190 163163 236236 196206 154162
gum.med, 211219 119133 210210 227231 132132 192192 165165 236244 177184 126156
gum.med, 203219 119123 202206 225231 126132 190192 157157 246251 184198 126160
gum.med, 233233 119135 202210 219231 132136 190190 157158 236238 186186 134156
gum.med, 227231 119133 202210 231231 132132 192192 157165 240248 178198 000000
POP
nig.med, 201211 111119 206222 233235 126130 190190 157159 234244 186216 146150
nig.med, 203219 127141 212230 229233 126130 190192 157163 244244 190194 128150
nig.med, 203211 000000 000000 000000 116126 192194 157159 238256 188196 108148
nig.med, 203223 109119 204210 227231 122132 190192 159161 236272 186186 116156
nig.med, 203211 000000 222226 223225 126132 192192 157161 244256 186202 122140
nig.med, 203215 119141 206240 223229 132136 192192 157157 256258 206214 150154
nig.med, 205227 133135 206240 223231 126130 192192 157157 234236 176184 106122
nig.med, 000000 113149 212222 211227 132138 192192 158163 238244 182208 106132
nig.med, 223231 119125 206226 225231 126130 190192 157163 238244 182220 128148
nig.med, 203211 119135 220226 233233 126126 192192 157159 238249 202220 122146
nig.med, 213215 119123 214240 229233 126132 190198 157159 238246 196218 102122
nig.med, 203203 119127 200214 227231 130132 192192 157163 234248 194222 128142
nig.med, 205227 149149 214216 227231 126132 192192 157157 242248 176194 124126
nig.med, 217233 119137 204210 227233 126132 190192 157158 238258 188218 132146
nig.med, 211225 123147 224226 225235 126132 190192 157157 238251 188196 130134
nig.med, 205217 119123 236244 227235 126126 194198 157157 249249 194232 124136
nig.med, 203203 121123 218230 227231 126126 190198 157157 236258 226226 126146
nig.med, 203215 121123 214226 000000 126128 192192 146148 238240 000000 000000
nig.med, 211227 121123 232234 225229 126126 192192 157163 238258 184202 118124
nig.med, 215233 109123 214216 227233 126126 192192 157163 236238 186190 122138
nig.med, 203211 119123 220230 227231 130132 190192 163163 234249 194208 122164
nig.med, 203203 119135 226226 223231 130132 192198 157163 238244 196220 124134
nig.med, 205213 113135 206238 219227 126126 192194 159165 234238 214220 124128
nig.med, 207237 123139 206222 223231 000000 190198 157157 238240 194198 122144
nig.med, 203233 119137 204206 229233 126132 192194 145157 240264 194226 122162
nig.med, 219239 137139 226244 231233 126126 190192 157163 238256 196208 122146
nig.med, 203229 137139 226230 227231 126132 190192 159159 238248 198206 128130
nig.med, 215221 117139 210220 223231 126136 192192 157159 246251 186198 114126
nig.med, 205227 115137 214226 229231 126126 190192 157158 248254 184202 118140
nig.med, 217241 111119 212220 231233 132132 192192 157163 246256 196234 134136
nig.med, 203203 117127 216230 231235 126132 190192 157163 236254 182196 110136
nig.med, 203205 133137 214222 229231 132136 192198 157159 240255 226234 120136
nig.med, 203217 137141 206242 221229 126136 192192 157169 236251 182216 132134
nig.med, 203211 119125 196216 227235 132132 190192 157159 240246 204216 132134
nig.med, 223231 127135 216220 231231 126126 190192 157165 256256 000000 122128
nig.med, 203203 121137 206218 223225 130132 190192 157159 238258 198216 126132
nig.med, 217217 133135 208230 227229 126126 190190 158159 234277 186186 118122
nig.med, 203219 119137 224226 223225 130132 190192 157163 238254 198204 122128
nig.med, 215227 121157 212212 231231 136136 192194 157157 238244 216232 108118
nig.med, 211213 119121 206218 233233 126126 190192 157163 234244 190196 110122
nig.med, 205221 123123 220234 229229 130132 190192 157163 238280 192208 132160
nig.med, 203205 119123 212218 223231 126132 190192 157159 238244 182186 110144
nig.med, 227233 123137 214230 223231 126136 198198 155158 234270 196212 146156
nig.med, 203219 109121 210226 231231 126136 192194 157157 234258 198202 126130
nig.med, 205211 121123 212214 231233 126132 192198 157159 256262 188224 108146
nig.med, 219225 121133 200210 229233 126126 190192 157159 244256 194196 126136
nig.med, 215219 127141 210230 225227 130136 192192 157159 236258 194202 122136
nig.med, 209225 123135 204226 231233 126132 190192 157163 238249 218224 122128
nig.med, 203211 119137 220244 231235 126126 190190 157163 254256 202220 134136
nig.med, 203217 109137 206206 223223 126134 198198 163163 244256 188226 126132
nig.med, 217251 123139 226230 227235 126132 192192 159163 249249 000000 118134
POP
pue.med, 203229 109133 224250 231233 126132 190200 157159 238240 194218 116124
pue.med, 203205 121121 226238 231237 126126 190192 158163 236248 220224 126144
pue.med, 205227 121149 204222 231233 126126 190192 157163 244276 176196 106136
pue.med, 231233 121127 214226 227231 126132 192198 157157 234236 184194 118118
pue.med, 189203 113127 212226 225233 126132 190198 157165 240250 222226 126126
pue.med, 203205 121137 204220 227229 126130 192192 157158 238256 201212 106122
pue.med, 205221 121133 206228 223233 126132 192192 157163 234258 182194 106144
pue.med, 221253 123127 204214 229231 126136 190190 159159 238249 182182 128142
pue.med, 203203 139157 204222 233233 126136 192192 157157 234246 207229 122122
pue.med, 221223 123141 212220 227235 126130 192192 157157 244250 190200 130142
pue.med, 203227 119121 222226 231231 130136 190190 157157 236256 184202 120144
pue.med, 205227 135135 220224 227233 126130 192192 145157 238254 186196 120138
pue.med, 203217 111135 214214 233233 126126 198198 157157 236240 214220 150158
pue.med, 219233 135143 220226 231233 130132 190192 157163 238244 176204 108122
pue.med, 205205 121133 210222 227233 126132 190192 157163 234240 182198 140150
pue.med, 203217 119137 220238 231231 126126 190192 157157 240258 196198 106130
pue.med, 217231 119151 224232 229231 126132 190198 157158 238244 191200 114118
pue.med, 205217 119125 218240 221223 126132 192192 157159 236236 182232 150162
pue.med, 203205 119121 204206 231233 118126 192198 159163 238251 186216 140140
pue.med, 213227 119125 204214 229229 126126 190192 157167 238244 186194 106124
pue.med, 203211 117125 202216 223227 126130 190192 157157 236246 198202 124158
pue.med, 213227 119129 220230 227235 126130 190192 157159 236238 198214 120122
pue.med, 203211 113119 216228 221227 126132 192198 157157 238242 188206 124130
pue.med, 215225 121125 210228 227229 126132 192192 145157 236256 190194 134150
pue.med, 213221 119135 206220 223227 118126 190198 157157 234236 194218 110114
pue.med, 203215 123129 220224 221227 126132 190190 157157 244244 198218 106118
pue.med, 203233 123149 210220 223235 126126 190192 158159 234240 171220 122128
pue.med, 203211 111123 204222 227227 126132 192196 157159 236238 196210 118132
pue.med, 231231 137139 218222 227233 126126 190190 157163 238244 182214 120138
pue.med, 203229 123139 210234 225225 126132 190192 157163 258276 186214 116122
pue.med, 203253 119135 206250 231231 126126 190192 157159 238244 182186 112126
pue.med, 203215 137139 220230 225227 126126 192192 155157 238274 182198 126162
pue.med, 203221 123157 206230 231233 132132 190198 163163 236256 188216 122144
pue.med, 227227 123123 204240 225233 126126 192192 157163 238248 196214 128148
pue.med, 279261 127139 212224 231231 126126 192198 157159 236238 194200 108122
pue.med, 215217 117127 212226 225233 126136 192192 158158 238274 184212 108146
pue.med, 205215 119123 206216 227231 126126 192192 157157 234238 182224 118136
pue.med, 203203 119133 206244 225233 126126 190192 163163 234242 186224 130148
pue.med, 215229 123137 222224 227231 126126 192198 157159 246246 198212 130142
pue.med, 207215 123125 198216 227233 126132 190192 157157 236262 198234 122130
pue.med, 227229 119127 200206 225233 126132 192192 157163 240253 194198 118160
pue.med, 205221 123157 212224 223231 126130 196200 157157 248254 188210 106134
pue.med, 205227 119119 230230 231233 126128 190192 157163 244244 199204 136142
pue.med, 203203 119119 216226 231233 126126 190192 157159 254273 172212 126126
pue.med, 217227 123127 212218 229233 130132 190192 157169 238238 186194 146150
pue.med, 203211 123127 216222 233233 126132 192194 157159 246249 190198 122130
pue.med, 203207 135135 214218 225227 126132 190192 157157 238246 206210 118128
pue.med, 205205 131133 200220 231233 126132 190190 158158 238249 190218 138140
pue.med, 247257 131135 212224 223235 126126 192198 157157 238240 192194 106158
pue.med, 203203 131139 206210 225231 126126 192192 157161 249262 196212 136146
POP
uni.med, 203203 121127 216226 223231 126130 192192 000000 242244 186208 000000
uni.med, 203219 121141 226230 223231 132132 192192 157157 262296 194224 136144
uni.med, 203203 123133 204220 227233 126132 190192 157157 244244 186218 152156
uni.med, 211223 137141 196206 231233 126136 190192 158158 238245 188198 126128
uni.med, 205217 000000 214230 233233 126126 192194 157157 240269 192224 138150
uni.med, 219223 139157 224226 223227 126126 190192 157159 244245 198222 124134
uni.med, 000000 123127 212216 225227 126132 190192 157157 238264 186194 000000
uni.med, 203205 121135 222222 225233 126126 190192 157157 238272 204224 136148
uni.med, 205211 121133 212214 227233 126132 190192 157157 234254 196222 110120
uni.med, 215217 121137 206212 227233 126132 190192 163165 242250 186198 124142
uni.med, 203257 117119 228236 227233 126126 190192 157157 238238 188206 128140
uni.med, 219221 123135 222238 231233 126126 190192 157157 237244 194200 110130
uni.med, 205213 109121 216230 227231 126126 190198 157159 246258 200218 118156
uni.med, 203233 119129 226228 231235 126126 192192 000000 238244 214214 142152
uni.med, 203203 119119 224236 227233 126126 190192 000000 249256 000000 000000
uni.med, 203221 125135 220226 229233 132136 192192 157157 238246 194218 122130
uni.med, 217221 117129 216226 225231 126126 192192 157157 238262 188210 122128
uni.med, 000000 135145 212220 227233 126136 192192 157163 236276 186208 132142
uni.med, 203231 119119 204222 227231 126130 190190 157158 236256 194194 112126
uni.med, 203231 121123 206232 229235 126132 192198 163163 234254 000000 000000
uni.med, 217221 109137 222228 231235 126128 190192 157159 238244 188218 124144
uni.med, 227231 121139 210222 229233 126132 190198 157165 254258 190194 122122
uni.med, 215223 125125 214222 231233 126126 192192 157163 238255 186198 124128
uni.med, 203203 111133 202232 229231 126132 192192 157157 236248 190224 112126
uni.med, 205231 131139 210218 229235 126126 190192 155157 241244 182188 118122
uni.med, 000000 133143 212232 223227 130132 192192 157157 249258 210214 124142
uni.med, 215229 119121 224226 227233 124136 190192 157163 236236 188226 122124
uni.med, 203221 119123 210218 223223 126132 192192 144157 236240 178196 132148
uni.med, 217223 113113 210244 229233 126140 190192 157159 236246 194204 140160
uni.med, 000000 127137 216224 223227 126126 192204 145157 238246 000000 000000
uni.med, 205231 119125 212230 231231 126126 192198 163163 234244 198210 108108
uni.med, 209217 123123 212216 223235 126132 190192 157157 266278 188220 122124
uni.med, 213235 119123 000000 225233 126126 192198 157165 236249 194202 128168
uni.med, 205239 123133 214216 231233 126138 198198 157157 236236 194216 122160
uni.med, 203219 121121 206212 223235 126130 190190 157157 238238 194200 126142
uni.med, 203227 123139 204206 227235 126132 190192 157165 234250 194212 122162
uni.med, 203203 111129 212220 229233 126126 190192 157157 234274 194198 118122
uni.med, 217241 117141 240244 231233 126132 192192 157157 237244 198202 122148
uni.med, 203219 119121 222230 227229 126126 192192 163165 244249 192194 126160
uni.med, 203223 119137 214216 227229 126126 190192 157159 240240 192197 122128
uni.med, 217225 133137 218244 223231 126136 192198 157157 246274 212214 106124
uni.med, 000000 000000 000000 225231 122132 192192 157163 238254 214216 136146
uni.med, 223235 133155 204216 223227 126126 190192 159158 236244 182202 124138
uni.med, 205219 123125 206234 229235 126126 192198 157157 236242 186194 122144
uni.med, 221237 123133 234234 221223 126126 192198 157159 240245 196224 120130
uni.med, 217233 119119 204206 227233 126126 192198 157163 242251 188194 116118
uni.med, 215233 119123 222244 231233 126132 190192 157163 248263 182186 122172
uni.med, 203227 123135 228236 229233 126126 192192 157158 236247 186204 140148
uni.med, 203215 123141 230236 221231 126126 198198 157157 236251 182200 114132
uni.med, 224233 119137 216224 231233 126126 190192 146158 234236 000000 000000
uni.med, 215221 123139 222226 231231 132132 192192 157157 234278 000000 120126
uni.med, 225225 121123 234242 227235 126132 190192 157159 236238 186202 106122
uni.med, 211233 119129 216226 227227 126132 198198 157163 244274 216222 120126
uni.med, 211223 133141 204212 227229 126126 192196 157157 236244 186198 142154
POP
abe.car, 219219 123133 224224 229235 126136 192198 157158 238246 176216 120122
abe.car, 203215 123133 212224 223231 126132 192192 157157 240270 186216 106120
abe.car, 203213 137151 212226 223231 126132 192192 157159 236248 188202 136158
abe.car, 229237 109117 206206 233235 126126 192192 157173 240240 190206 140144
abe.car, 203227 133137 218224 231231 126126 192194 157157 246268 176212 136142
abe.car, 225227 119127 226226 223231 126126 192194 157157 232268 194216 138154
abe.car, 000000 119137 210222 225231 126132 192194 159163 240252 194199 122124
abe.car, 207253 119135 220244 223233 126132 192192 158158 244272 186186 120122
abe.car, 203205 133139 224230 223233 126130 192192 159161 242256 208214 106124
abe.car, 203227 137147 210216 227229 126132 190190 157157 274278 194222 106120
abe.car, 203225 137137 206216 231233 126126 190192 157163 234244 186194 118120
abe.car, 213225 119143 216224 227227 126132 190192 145157 242242 186202 112140
abe.car, 211229 127141 210214 223229 132132 192192 159165 238238 194196 126154
abe.car, 203205 119139 202204 223227 126132 192192 157157 236244 182186 126140
abe.car, 215257 000000 204206 221229 126132 190192 159163 238238 000000 106138
abe.car, 203203 109119 224224 227235 126126 190198 157159 242244 194208 114120
abe.car, 203233 125137 216234 233235 126132 192198 157159 246272 186194 124126
abe.car, 203217 115133 206210 233235 132132 190192 157163 244244 190199 114138
abe.car, 203231 119137 206216 227233 126132 194198 157159 240246 202212 124156
abe.car, 215217 115167 212212 225231 126126 190198 157159 248248 184194 138138
abe.car, 205231 123127 216222 229233 126132 192192 159161 238238 182208 124126
abe.car, 215221 119123 202226 231233 126126 192192 157163 234244 182184 122154
abe.car, 205211 121135 218224 231233 126138 192198 159163 230238 176206 122138
abe.car, 217219 121141 206226 229235 126126 190192 157157 246256 206216 140142
abe.car, 215259 153155 202226 225235 126132 192192 159163 240256 000000 124148
abe.car, 203229 119125 000000 227227 132132 192198 159163 234242 184196 138146
abe.car, 231239 125139 214226 231235 126126 192198 157157 248256 186196 132144
abe.car, 203221 121135 206224 223233 126132 192192 157163 242258 186222 130134
abe.car, 203203 125127 202236 233233 126132 192198 157163 256274 218224 118130
abe.car, 215217 121123 224226 223231 128132 192194 157157 245256 188188 106122
abe.car, 203217 135155 206224 225233 126132 190192 162163 236236 188199 146148
abe.car, 219223 121123 204238 229233 126126 192198 157157 234236 176196 106122
abe.car, 215225 121121 196224 229233 126132 192192 157157 238252 188218 126130
abe.car, 203211 123149 204212 231231 126126 192194 157161 249256 194208 106140
abe.car, 215239 127133 224240 231235 126132 190192 157163 236242 176176 106136
abe.car, 217257 117137 202226 231233 126132 190198 157163 236270 178214 154156
abe.car, 205205 125141 216216 223229 126126 190192 157159 238274 184188 136144
abe.car, 203211 119157 222226 227235 126132 190198 157163 238249 199204 132138
abe.car, 203211 121133 226232 229231 126134 190190 157158 234266 182196 138140
abe.car, 227229 119141 222234 227231 126132 192198 157157 238246 188226 114156
abe.car, 205229 119157 206218 223235 126136 192194 157157 238246 000000 122148
abe.car, 205223 139141 222224 000000 126126 192192 157159 236244 190194 122160
abe.car, 229229 117121 216224 229231 126132 190192 157157 258266 214216 122154
abe.car, 205223 123139 206218 227233 000000 192192 157163 238256 196202 124130
abe.car, 219225 121123 206234 229229 126126 190198 157159 242253 198212 116158
abe.car, 203205 123135 216224 223233 126132 190190 161163 000000 206218 114122
abe.car, 205223 123139 206218 227233 130132 192192 163163 238238 196202 124130
abe.car, 203221 123137 224224 227229 126132 192198 157159 234256 186188 138142
abe.car, 203205 119137 212212 233235 126126 192192 157157 244251 176200 134148
abe.car, 203215 119125 222228 227231 128132 192192 158159 234254 188196 122150
abe.car, 211211 119123 204206 225233 126130 192192 157157 238240 212224 126128
abe.car, 203203 119133 216220 223225 126128 192192 157163 254274 176226 124138
abe.car, 213217 133159 212220 233235 126132 190198 157157 244244 184194 128140
POP
nig.cai, 207217 123149 204226 231233 126132 192192 157157 246266 214220 112120
nig.cai, 205217 119141 202230 227229 126132 192198 157163 236238 188220 120126
nig.cai, 211215 133141 202206 227227 126126 190198 157159 234244 186206 106138
nig.cai, 215257 119121 224228 225227 126132 192192 157163 238244 191198 128136
nig.cai, 221229 000000 202226 227233 126132 192192 157157 236248 000000 120128
nig.cai, 205211 125153 204228 227231 130132 192198 157157 236256 182218 122134
nig.cai, 201203 123137 216222 229235 126126 192194 157157 246246 186220 114160
nig.cai, 203235 121127 222238 227233 126132 192198 157163 236242 190198 130138
nig.cai, 203215 000000 218220 227231 126126 190198 157157 238237 186228 108128
nig.cai, 203217 133155 218218 225227 126132 190192 161163 248256 176182 106128
nig.cai, 203205 123155 222230 229233 126130 190192 157159 238244 186192 126138
nig.cai, 203233 121121 222222 223231 132132 190192 157163 236254 176188 122134
nig.cai, 201203 119135 220232 231231 126136 192198 159163 236238 184210 108134
nig.cai, 203225 127133 206216 227233 126126 190200 157159 238238 196220 126154
nig.cai, 203227 125129 206210 231235 126126 190190 157157 240246 186198 130138
nig.cai, 000000 123125 222234 233233 126132 198198 157157 244244 182192 122158
nig.cai, 219221 121123 216216 229235 126126 192192 163165 249274 182186 106114
nig.cai, 217217 115135 220220 227235 126136 190198 157157 234256 000000 114126
nig.cai, 203205 137137 206212 225231 132132 192192 157157 236238 184194 112174
nig.cai, 211233 133135 226228 231233 126126 192193 157159 256272 186196 122160
nig.cai, 203217 123153 204232 225225 126126 192192 157157 238240 202214 122140
nig.cai, 211215 121123 216224 223231 126126 190190 157163 238256 186204 000000
nig.cai, 229237 000000 202204 231235 126126 192192 163163 236244 204216 118126
nig.cai, 203203 137141 224224 227233 130132 000000 157157 238244 182204 122138
nig.cai, 203203 113137 210222 227229 132132 190198 157157 238280 194214 148148
nig.cai, 211211 135137 224234 231233 126132 190192 157157 244244 199204 114122
nig.cai, 203227 119149 202220 225233 126126 190190 157157 248272 198222 144152
nig.cai, 203203 133141 206220 227233 126132 192198 157165 234256 172198 106136
nig.cai, 215221 121123 206220 227231 126132 190192 157163 238242 182194 130154
nig.cai, 215217 119121 210222 223235 126126 192192 157163 246264 220220 144148
nig.cai, 205207 127137 216220 227233 132132 000000 157159 236240 208212 122152
nig.cai, 203205 119125 224226 225229 126132 190192 157163 234246 188200 106124
nig.cai, 203211 135135 204216 223223 126132 192198 157163 240244 200216 106134
nig.cai, 203233 121147 210224 227229 126126 190192 157157 238246 198220 126126
nig.cai, 209217 123123 204226 229233 126132 190192 157157 248256 186188 108138
nig.cai, 209233 135151 226226 225227 126132 190192 157157 238256 214216 134140
nig.cai, 213227 117145 202216 233233 126126 192192 157157 238256 194206 126142
nig.cai, 203205 111135 226230 223233 132136 190192 157157 236251 212218 114138
nig.cai, 217225 135135 222226 227227 126132 192192 157159 249276 184192 106114
nig.cai, 217221 139149 216230 223227 126132 190192 161163 236249 000000 124138
nig.cai, 203221 000000 222226 227233 126126 190198 163169 238238 194204 122134
nig.cai, 215233 111133 216220 225233 126126 192200 157157 268272 204210 114152
nig.cai, 207215 123135 212226 221231 126126 192192 157159 238256 186200 138158
nig.cai, 203237 121135 214214 000000 126126 190192 157157 234238 204214 108122
nig.cai, 217221 147157 202204 227233 126132 192198 157165 240249 188194 126156
nig.cai, 207219 129137 204206 231233 126126 192192 157157 244254 176194 124130
nig.cai, 203217 000000 212224 225233 126126 192198 157157 234248 186194 126126
nig.cai, 203215 121159 000000 225231 126126 190192 157163 000000 194220 000000
nig.cai, 205225 121135 216222 227231 126126 190198 157161 238246 194194 122144
nig.cai, 233235 121149 202224 231231 132132 192192 157158 236238 172194 114156
nig.cai, 211235 111129 214222 225231 126130 190192 157157 240246 224232 122148
nig.cai, 205221 135157 208216 235235 126132 190190 157163 000000 186218 116122
nig.cai, 211229 000000 212222 231231 126132 192192 157163 238254 000000 106124
nig.cai, 211227 119125 214224 227231 126132 192198 157159 234274 206226 138154
POP
pue.cai, 203205 141141 226232 231231 126126 192192 157167 242262 198220 132138
pue.cai, 203225 121137 202212 225227 130130 190198 159163 248274 194210 140152
pue.cai, 215231 119127 204226 225233 126126 190192 157159 236236 186186 122146
pue.cai, 203217 119127 216226 225233 132132 192196 157159 240254 188218 118126
pue.cai, 215253 119147 214226 231233 126130 190192 157157 236251 186222 118122
pue.cai, 213223 123125 202220 229233 126126 192192 157163 240256 198220 120124
pue.cai, 203217 119155 206206 227233 126126 192192 157163 234245 186186 140142
pue.cai, 213223 119121 206218 223227 126126 192192 157165 237240 188194 106122
pue.cai, 211259 119141 216220 231233 126132 192192 157157 236251 206222 126146
pue.cai, 203223 121123 204222 225229 126126 192194 157163 237244 190194 146150
pue.cai, 203229 115133 206226 227233 126130 190190 163163 249274 204222 132136
pue.cai, 203221 119121 216258 223227 126130 192192 157157 234240 186198 122146
pue.cai, 203205 123129 204216 229231 126136 192192 157159 237244 188216 108118
pue.cai, 217233 119123 204224 229231 132136 190192 157159 236270 186190 130138
pue.cai, 215227 113125 208216 225225 126126 190198 157167 243256 198201 134140
pue.cai, 217223 121123 212216 231233 126126 192198 157161 244251 186194 106150
pue.cai, 203227 119121 206244 227231 130132 192192 157157 244274 188206 122128
pue.cai, 203203 119127 210224 233233 126136 190192 157159 234266 214214 106146
pue.cai, 203229 119129 226244 223227 124126 192192 157161 242256 186188 112136
pue.cai, 205215 119149 226244 231235 126126 190192 159161 246256 194198 126144
pue.cai, 203229 121123 204226 223227 126126 192192 157157 236249 194204 114124
pue.cai, 203203 119135 216218 233233 126126 192192 157159 244249 194208 126130
pue.cai, 205221 135137 206240 223231 126126 192198 159159 258264 171214 124146
pue.cai, 217229 111121 220222 227235 126136 190192 157157 235237 208214 126128
pue.cai, 223227 119151 212214 225231 132138 190190 157157 249286 188206 126158
pue.cai, 203223 119121 214232 235235 132134 192198 157157 237243 176188 106120
pue.cai, 203211 111117 216222 229233 132132 192192 157157 256268 184184 118124
pue.cai, 209233 119123 216226 227231 128130 190198 157167 240251 214222 108108
pue.cai, 203203 119127 204244 233233 126126 192192 157163 236238 198204 106126
pue.cai, 211219 123137 204216 223227 132136 192192 157157 254266 186198 122152
pue.cai, 203219 119143 202212 225227 126126 190194 159169 249251 182212 106130
pue.cai, 203203 123141 212222 225229 126132 192198 157157 242253 188232 108126
pue.cai, 213217 119123 216220 231233 126136 190192 157157 242278 188228 106130
pue.cai, 203227 123135 220226 229235 132134 192192 157157 238244 184198 134154
pue.cai, 203219 125141 204206 227227 130132 192192 158159 240266 175208 146160
pue.cai, 203227 119129 234236 231231 126136 190194 157157 246252 202224 128130
pue.cai, 221231 119139 204206 227233 126130 198198 157157 242244 194196 108126
pue.cai, 203227 111145 204204 223233 126126 192194 157157 233289 175200 130162
pue.cai, 205215 119139 206222 225231 126126 192192 157157 236274 199202 106152
pue.cai, 209223 135135 206242 223229 126126 192192 157157 238256 194206 130150
pue.cai, 203245 113127 204206 233233 126134 192192 157157 236240 171198 126126
pue.cai, 203215 135135 208222 225231 132132 192198 157161 239244 184194 122122
pue.cai, 205235 133137 214230 223223 132132 190192 157157 236237 208224 108132
pue.cai, 203221 123149 220220 229233 126130 192198 157163 237237 186194 106138
pue.cai, 221225 121135 216228 227235 126132 192192 157163 248278 171181 122158
pue.cai, 203219 121135 214220 231233 126132 190192 145157 234274 186220 126144
pue.cai, 217225 127145 208216 229231 126130 190192 159163 244256 200207 138156
pue.cai, 203207 123137 226234 231233 126132 190192 157157 242249 171218 124144
pue.cai, 203217 119137 212232 223227 126126 190192 157159 246274 184226 106122
pue.cai, 203221 119123 222230 223233 126126 190192 157165 234237 206214 122138
pue.cai, 221241 121125 216216 229231 130132 190198 157159 239244 182198 120128
pue.cai, 203211 119125 222230 227231 126126 190192 157163 242246 191218 112138
pue.cai, 205217 155159 216222 231231 126126 192194 157157 236236 218220 108136
pue.cai, 203215 123135 220236 229233 126126 194198 157157 237246 186218 134136
POP
uni.cai, 203223 133139 226244 229231 126126 190192 157157 234276 212214 132150
uni.cai, 211235 119129 226226 231233 126130 192192 157157 236238 176208 126138
uni.cai, 203211 119137 204218 227231 126130 190198 157163 236237 186186 124124
uni.cai, 205225 155157 210216 227233 126130 192194 157165 236236 224226 122136
uni.cai, 203211 135139 204238 223225 126132 190192 157165 236242 186218 106108
uni.cai, 211233 133137 206224 223227 126126 190192 157157 251258 220234 106106
uni.cai, 203205 000000 204236 231231 126132 192194 157157 236266 198218 114134
uni.cai, 205235 119133 222224 223225 126126 192192 157157 236244 186194 126132
uni.cai, 203229 133147 220222 227233 126126 192194 158163 240276 188190 132142
uni.cai, 215221 127133 216224 231231 130130 192198 157163 238244 186214 136146
uni.cai, 203211 119121 222228 225233 126126 190190 157157 234238 194202 130140
uni.cai, 215223 119139 216228 231233 126126 192192 163163 238244 182186 122138
uni.cai, 211211 123125 204204 227231 132132 192192 157163 234234 190222 124138
uni.cai, 203217 119133 204218 223233 132132 190192 157159 236238 188202 106132
uni.cai, 203233 109123 206222 000000 126132 190198 157157 236240 184220 140166
uni.cai, 217245 141155 222228 231235 126132 198198 159163 238254 184204 114126
uni.cai, 203223 137155 206206 223233 130132 190192 157157 240252 190202 118142
uni.cai, 211233 125137 226226 233237 132136 190192 159159 234242 206226 118126
uni.cai, 219219 137139 224226 229233 126126 192192 000000 000000 176228 122124
uni.cai, 203215 133135 204226 000000 126132 190198 159159 244246 182194 122160
uni.cai, 217221 135135 216226 229231 126132 192192 157159 236251 192226 114126
uni.cai, 205217 111119 204234 231233 126126 192198 157169 238264 186206 124156
uni.cai, 203221 119135 202222 000000 126132 190198 157157 234274 200202 116124
uni.cai, 217221 119137 206222 229233 126132 190194 157157 249249 202222 122154
uni.cai, 203213 119141 216234 231235 126132 190192 157157 254264 186190 106122
uni.cai, 203225 119125 202220 229233 126132 190192 157163 000000 000000 000000
uni.cai, 203239 127133 218224 223227 126126 192192 157159 234236 186206 138142
uni.cai, 203219 119141 204220 225233 126126 190192 157157 238238 194196 126130
uni.cai, 223247 119137 214218 229233 126126 192192 157157 240256 196218 106158
uni.cai, 203211 121121 206216 227231 126126 190192 157158 238274 188196 106128
uni.cai, 211217 000000 204224 229231 000000 190198 157163 236238 188224 126142
uni.cai, 217235 123123 210226 231231 000000 192198 000000 238248 186194 000000
uni.cai, 203227 117145 206220 229233 126132 192198 157157 236238 222226 120142
uni.cai, 203203 127141 198222 233233 130132 192198 157157 246256 196204 130134
uni.cai, 205213 141155 210220 225231 126132 192194 157163 236256 171220 106128
uni.cai, 203233 119141 204206 227233 126126 190200 163165 248270 220224 120124
uni.cai, 215265 119121 210216 231233 126126 192198 157161 240249 214218 108144
uni.cai, 213231 119129 224244 223227 132136 190192 157157 244268 186198 112126
uni.cai, 203235 135141 204212 225227 126126 190190 157159 234244 191194 122146
uni.cai, 203233 119135 216228 227229 126126 192198 157157 258276 192214 122136
uni.cai, 203221 137139 204218 229231 126126 194194 157159 238238 188194 122154
uni.cai, 215221 123135 228238 223227 126132 192192 157161 240256 206212 124162
uni.cai, 201205 133149 204216 229233 126130 194198 157159 230236 194198 126148
uni.cai, 203211 123135 216218 225233 126126 190194 163165 238248 196222 106146
uni.cai, 221225 123123 214230 229231 126132 194194 157157 234244 184196 122124
uni.cai, 203207 111119 206216 229233 132132 192192 157157 240244 216222 106156
uni.cai, 217217 135137 212222 225233 126132 192198 157159 234244 194196 114122
uni.cai, 221225 111145 216226 223231 132132 190192 157157 234256 204218 122130
uni.cai, 205215 121123 222234 229233 126136 190194 157157 245256 196204 126136
uni.cai, 227279 119129 204210 233233 126126 198198 157157 236256 182190 120132
uni.cai, 203217 119119 226230 225233 126130 192194 159163 234240 218226 118150
uni.cai, 203233 119131 216220 225233 126126 190192 157157 242256 220220 114120
uni.cai, 203203 135157 216226 225235 000000 192194 157159 236242 186198 122144
uni.cai, 203247 119135 206218 225233 126130 198198 157157 236254 190202 126138 