Microsatellite genotypes of Hypoplectrus puella from Bocas del Toro, sampled in 2004, 2005 and 2006
e2
gag010
hyp001
hyp015
g2
h24
hyp008
hyp016
hyp018
pam013
POP
2004, 159159 000000 233233 126136 209217 210240 246272 182198 190190 114120
2004, 163165 000000 231233 126126 203229 200216 245276 188226 190192 106138
2004, 157158 137151 225227 126132 217217 204220 234236 182202 192192 106158
2004, 159169 129135 231231 126126 203223 216228 238244 188196 190192 138146
2004, 163163 119119 229229 126126 223239 210226 236240 202208 192192 128136
2004, 157163 119141 227229 126126 217219 216222 244249 202220 198198 122142
2004, 157163 121121 229231 126126 203227 216216 244258 194226 190192 114150
2004, 157159 121127 225233 130132 219223 216226 242280 182198 190192 118132
2004, 157159 111133 229231 126132 203203 218224 238238 188200 192198 106124
2004, 157159 127129 229233 126130 203213 206218 240240 200226 192192 136160
2004, 157163 129131 225233 126126 203211 214216 244244 182182 190192 150152
2004, 157158 117123 229233 126126 203215 212232 234236 182220 192192 122134
2004, 158161 119151 225229 132132 233259 210218 236244 194226 190192 122150
2004, 157163 119125 223233 126130 203213 204218 238256 212220 190192 128138
2004, 163163 000000 233235 126126 217237 204230 236246 198212 190198 106132
2004, 163163 119141 223231 126128 205215 210224 238240 182222 190192 152158
2004, 159163 113121 227229 126126 203239 210226 236246 182198 190192 128148
2004, 157157 119121 233233 126132 203219 208230 238262 182186 192192 134146
2004, 157157 119135 225227 126132 201203 216244 236278 182182 192192 124128
2004, 157157 129131 225235 126132 203205 218234 236236 194194 192198 130136
2004, 157157 119143 233237 126126 207215 216220 234256 188194 190192 132160
2004, 157163 121139 223235 126126 203227 212222 245278 188206 192196 134134
2004, 157159 119149 231231 132132 205217 216240 246249 202214 192198 132140
2004, 157163 000000 225227 126126 203223 204224 238238 182220 190192 110150
2004, 159163 111137 227233 126126 203205 202202 236256 188214 190194 140156
2004, 157157 119137 223235 126132 203211 216258 238249 176182 192192 132132
2004, 157158 000000 233233 126126 203205 226226 238244 202226 192192 134148
2004, 157157 119121 233233 130132 203211 216218 240249 192218 192198 128148
2004, 157157 119123 225231 126126 205217 218228 248250 182214 192198 120122
2004, 157158 127133 221231 126126 203233 210226 230244 194198 190192 000000
2004, 157159 000000 227231 130132 205217 206220 256256 186220 190192 108130
2004, 157165 000000 229233 126126 000000 204218 234248 182202 192192 114136
2004, 157157 119119 225227 132136 219235 202230 250258 194220 192192 106106
2004, 157157 000000 000000 132132 211229 214226 238246 186226 000000 122158
2004, 159163 000000 225231 126132 201207 202206 242244 194220 192192 116148
2004, 157163 000000 231233 126126 211225 204244 244249 198200 192192 128146
2004, 157165 000000 225225 126126 203219 210224 238240 194214 192192 132152
2004, 158158 119133 223231 126132 203217 206218 236276 186196 198198 120132
2004, 157161 000000 223235 126126 215217 210230 236239 188222 190192 124134
2004, 157157 119121 225231 126126 217223 212228 236238 194222 000000 106124
2004, 157157 000000 229231 126132 203217 210216 234268 182194 190192 122122
2004, 157158 123123 233235 126130 205211 212216 246256 182212 192192 122126
2004, 163165 119137 223233 126126 233249 212224 238251 182226 192192 106136
2004, 157159 117119 229233 126136 203203 206206 236248 182194 192198 106120
2004, 157157 111121 231233 126126 203219 204218 234236 182222 192198 114146
2004, 157165 119155 229231 132132 203209 216216 238249 202222 192192 120122
2004, 157157 121141 231233 126126 205217 204236 234238 182206 192192 122138
2004, 157165 121151 231235 132132 215225 216230 249258 220222 192192 106136
2004, 157163 117119 227231 126132 203203 204216 238272 182218 192192 126150
2004, 157157 000000 231233 126130 203213 204216 236238 182196 192192 118138
2004, 157157 137137 229231 126136 203231 216228 238240 196204 190192 128132
POP
2005, 157159 119135 229235 126136 203221 226236 234238 182216 198200 128138
2005, 145157 125125 227233 126126 203217 204220 234254 182206 192192 144144
2005, 157163 111135 223231 126132 203215 204222 234236 182220 192192 122150
2005, 157159 119139 223231 130132 203203 216216 234238 222226 190190 124140
2005, 157163 133137 227231 126132 205229 204214 246258 190194 190204 134152
2005, 157163 111137 229235 126126 215235 214218 236276 176222 192194 118134
2005, 157163 111119 229233 126132 217237 206236 238238 182188 192198 134142
2005, 157165 119121 233233 130132 207211 210244 234238 182236 192198 114122
2005, 157157 125149 227235 126132 211223 206240 236238 182220 198198 102160
2005, 159163 121137 223233 126132 217225 216216 244252 194214 190192 130150
2005, 157157 139141 223227 126126 203219 216226 000000 214218 192194 122122
2005, 157157 131137 223227 126126 205229 212226 238240 182182 190192 120130
2005, 157163 113117 227227 126132 217255 216216 258274 182194 190192 122126
2005, 157157 119125 229233 132136 205215 212220 238240 182196 190192 114160
2005, 157157 121129 233233 126132 217217 212216 236238 184216 190198 122150
2005, 157158 123137 233235 126130 203203 210226 236256 188222 198198 122150
2005, 157163 125149 229233 126126 215217 206212 234238 190222 192194 106128
2005, 157163 121127 225233 126132 215221 212216 251254 182182 190190 134144
2005, 157157 135151 231233 126132 215217 204212 236242 216222 190192 134142
2005, 157159 111111 227233 126126 203225 212222 234236 190220 190194 106122
2005, 157157 119131 229229 126132 209223 222222 238254 172182 190192 118144
2005, 157157 123129 225229 126126 203249 216226 234238 182204 192192 114132
2005, 157159 137141 231233 126126 211217 210218 238256 188194 192192 124146
2005, 159163 133137 225227 126138 205229 220222 234254 182234 192192 122124
2005, 157157 121123 223227 126126 207223 208216 238274 182220 192192 122136
2005, 158159 123149 223231 126126 203203 212216 248251 184212 192198 114136
2005, 157159 119121 225231 126126 215239 224226 240249 188214 192198 106134
2005, 157157 111119 223233 126126 213225 230234 238254 194214 190192 106134
2005, 159159 123137 233235 126126 203233 206226 230234 182188 192192 130138
2005, 147163 115139 227227 126132 227233 216224 244258 188200 190192 122126
2005, 157157 119151 225227 126132 217223 206216 238244 206226 192192 120150
2005, 157157 121123 223233 126126 203217 210230 236238 206226 000000 106126
2005, 157158 123143 223231 126138 215225 224240 236240 206216 192192 118122
2005, 157163 119131 231235 126136 215223 216216 234250 182222 192192 122128
2005, 157163 121151 225231 126138 203233 204220 234238 182220 192192 122170
POP
2006, 157157 119137 231233 126132 219221 210224 236276 220222 190192 106128
2006, 157163 119135 223231 118126 217229 206224 232248 182182 190192 114160
2006, 157165 119133 223225 126132 203223 206238 238238 222226 192192 122154
2006, 145157 119139 233235 126136 203233 206214 238256 182232 190192 144154
2006, 157163 119137 225227 132132 213217 220234 238244 194228 192192 106128
2006, 145157 119119 225233 126126 213235 204214 236246 182226 190192 118138
2006, 000000 123123 229235 126132 203215 206222 238238 186222 192192 144152
2006, 157157 125151 233233 126136 217221 206244 234238 188222 190190 108122
2006, 157159 119129 225231 126130 217219 230258 236238 194220 192198 126132
2006, 157157 119129 223229 126128 205233 206210 238238 198224 192198 122138
2006, 136138 119137 221233 126134 203227 204228 000000 210216 192198 000000
2006, 157163 119125 225231 126138 000000 222224 236238 182222 190192 138144
2006, 157163 119127 233233 126126 211221 210222 234251 204206 190190 128132
2006, 157163 123135 229231 126132 215217 212216 238267 186226 192192 106126
2006, 157163 141151 231235 130132 205217 204224 234238 198198 192198 108122
2006, 157163 119121 231233 126138 209233 206238 240242 188188 192198 124128
2006, 157157 117119 227227 126126 203237 210214 234254 184194 190192 122126
2006, 157159 123141 223225 130132 203209 210234 234238 182226 190198 120130
2006, 157157 109123 223225 130132 215215 204218 238270 194220 192198 124124
2006, 157157 137137 223237 126132 000000 206216 238240 182224 192192 126148
2006, 157163 119133 231231 126132 205205 206212 238246 182190 190198 106122
2006, 157157 127129 225227 126132 203205 214226 236249 210214 190192 118138
2006, 157159 113137 229229 126128 203205 000000 244254 182198 192192 126144
2006, 157157 121123 223233 126132 203215 220226 238240 218220 190192 122126
2006, 157159 121121 229231 126130 211233 206226 237238 194220 192192 122128
2006, 157159 119119 227233 126132 203205 212230 237240 000000 192198 108122
2006, 157157 119151 223233 126132 203229 220224 234238 194206 190192 114154
2006, 000000 121157 225229 126130 203217 230240 000000 000000 190192 000000
2006, 157157 129157 227231 126132 203203 216230 234240 000000 190192 124150
2006, 157159 131149 227233 126134 000000 206208 230234 182210 190190 106152
2006, 157163 119123 231233 126132 203229 210226 237249 194202 192204 118122
2006, 157159 121121 227231 126136 213217 206228 234249 182222 190192 144154
2006, 157157 119129 227233 126132 203217 216226 242246 194220 190198 138140
2006, 159169 123155 223231 000000 000000 206218 234238 194230 190198 108148
2006, 157157 137139 231233 128132 215231 216244 240270 182214 190194 138140
2006, 000000 123151 215231 118126 203217 214226 000000 000000 192198 000000
2006, 157157 119147 233233 126126 203217 216220 246256 220226 190192 142156 