Microsatellite genotypes of Hypoplectrus puella from 15 Caribbean populations
g2
gag010
h24
hyp001
hyp015
hyp018
e2
hyp008
hyp016
pam013
POP
carrie bow cay, 205215 119125 220244 225233 132132 190192 157157 240242 184200 142144
carrie bow cay, 203225 121121 204230 227231 126130 192194 157157 238244 182186 124146
carrie bow cay, 203227 125145 206216 225231 130132 192194 157157 236244 198214 126134
carrie bow cay, 211253 121129 220238 229233 126136 190192 157157 236240 186220 118132
carrie bow cay, 205235 119137 218244 225233 126126 190198 157159 240244 192210 124128
carrie bow cay, 203205 119137 206222 229233 126126 194198 157159 234238 197224 136154
carrie bow cay, 205225 141149 206216 233235 126126 190192 157157 236240 186206 112116
carrie bow cay, 205221 119119 216222 231233 126126 192198 163165 234246 182200 122140
carrie bow cay, 219235 119139 230238 225233 126132 192192 158158 253280 202226 122146
carrie bow cay, 203215 119121 192218 225233 132132 190190 157159 240258 182206 120130
carrie bow cay, 221227 133145 204222 221233 126132 190192 157163 240276 188194 124124
carrie bow cay, 203205 121125 218222 227227 132132 192198 157157 249258 186202 108114
carrie bow cay, 205205 151167 234244 229231 126134 192198 157163 238251 186218 124124
carrie bow cay, 205207 135139 212228 233233 126130 192192 159163 238278 222232 126128
carrie bow cay, 237255 121123 208216 231235 132132 192192 157163 238249 182184 126136
carrie bow cay, 205211 119133 210218 223225 126126 192192 157159 240249 176228 118148
carrie bow cay, 205215 139145 212244 227233 126126 192198 157163 240260 184198 124126
carrie bow cay, 205209 115137 212226 227229 126132 192192 157157 244246 202218 122152
carrie bow cay, 215225 141151 216218 225225 126132 190192 157171 246274 176226 130136
carrie bow cay, 203241 117137 204224 229233 132136 190192 157159 244274 186214 134152
carrie bow cay, 203221 121123 220226 227235 126132 190190 157163 236262 184218 106158
carrie bow cay, 203217 119119 220226 231231 130132 192194 157159 240256 188230 128142
carrie bow cay, 203205 111121 210214 233235 132132 190192 157157 240244 190224 128134
carrie bow cay, 207217 119119 222226 229229 126126 190192 157157 234238 192216 108120
carrie bow cay, 205207 143147 214226 225231 126132 192198 157163 234240 188208 126146
carrie bow cay, 205205 119129 210212 225231 126126 192196 157157 236244 182214 122132
carrie bow cay, 225227 121129 218226 227237 126126 192198 159163 238240 188202 108124
carrie bow cay, 203207 137139 240240 227231 126132 190192 157163 234251 204226 154156
carrie bow cay, 201205 123137 218220 229233 126132 000000 157157 256280 216218 122140
carrie bow cay, 203205 119127 202222 229235 126126 190192 157159 236238 214220 124138
carrie bow cay, 203205 121137 210232 231235 130136 192198 157159 238244 186190 122126
carrie bow cay, 203247 117119 208224 225233 126132 190198 157157 240262 184208 136136
carrie bow cay, 217233 125141 202224 223233 126130 192194 157159 238249 194198 106140
carrie bow cay, 203209 111123 204228 231231 126126 192198 157159 240240 216228 106136
carrie bow cay, 223227 121141 222240 229231 126126 190192 159163 234238 186206 122128
carrie bow cay, 203219 125137 220240 223229 126126 190192 145157 238251 186186 146150
carrie bow cay, 215227 119133 218226 225231 126132 192198 157159 256270 182196 114126
carrie bow cay, 203227 119121 224236 225231 132132 190198 157157 244246 198230 118140
carrie bow cay, 217225 127135 204222 231231 126126 192198 159165 236240 186198 124154
carrie bow cay, 223229 135149 206226 233235 126132 190192 157163 238254 186210 132168
carrie bow cay, 203205 137151 210212 231233 126126 190192 157157 244246 184226 138144
carrie bow cay, 205225 119137 204218 225225 130132 192192 157157 258276 188190 106124
carrie bow cay, 203253 117157 218222 227229 126126 192198 157159 246254 190226 122130
carrie bow cay, 203211 121141 204206 229229 126126 190192 158159 238266 184222 122154
carrie bow cay, 223227 123169 216240 231231 126130 198198 157157 249251 186216 136140
carrie bow cay, 217219 121123 210218 233237 126132 190192 157159 236244 190199 124144
carrie bow cay, 209211 123125 230240 231233 132132 192192 158159 238244 182190 114136
carrie bow cay, 215215 111123 204224 225227 130132 194202 157159 236244 196212 114126
carrie bow cay, 203209 119149 218218 233233 126132 190198 157157 240244 182202 124148
carrie bow cay, 203205 119153 218218 223223 126126 192192 157157 234236 206212 118124
POP
utila, 203211 119137 000000 233233 126132 190190 157169 249264 182190 106118
utila, 205227 137161 216228 225231 126132 192192 157157 238240 216230 122142
utila, 229233 121133 212244 231233 130132 192198 159163 248256 192214 124126
utila, 219229 137141 222232 231233 126126 190198 159159 238249 194198 150152
utila, 225237 123123 222224 227235 126132 192198 157165 234234 182186 106138
utila, 221231 113119 218230 223231 126132 190198 157161 236238 198206 126148
utila, 000000 125157 000000 229231 118126 192192 157157 236244 186208 122126
utila, 000000 119121 220222 229231 122132 192192 000000 234238 186198 108162
utila, 205205 139149 202222 229231 126126 192194 157159 238244 196204 106136
utila, 000000 119121 218240 229233 126126 198198 157163 234242 184190 124124
utila, 205223 129133 212216 225235 126132 190190 157157 260260 000000 122122
utila, 205205 125139 218240 231233 126126 198198 157157 249282 184198 116122
utila, 211229 119141 204206 229229 126132 192192 157159 248280 196224 118138
utila, 205235 127129 208216 000000 126132 190192 157165 240258 198200 118120
utila, 205219 121137 204210 231233 126132 190198 157158 238262 198208 120158
utila, 207207 115125 210222 233233 126126 192192 157157 249276 194224 124126
utila, 217221 119125 214220 223233 126132 192198 157157 242276 186190 120148
utila, 203229 125137 218222 223229 126126 192198 157163 238272 184190 106106
utila, 203215 119137 218244 229231 132132 198198 157163 234262 188206 108108
utila, 203203 127133 208218 229233 126126 196198 157157 236278 214222 124144
utila, 231235 125139 206208 231235 126138 192194 157157 239244 186188 118154
utila, 203207 127127 218222 233233 126132 190192 158159 256278 226228 138138
utila, 211227 123125 220226 231233 126136 198198 157163 254278 194208 144146
utila, 203217 123123 220240 231233 126132 192192 157169 232244 184199 134160
utila, 211215 119123 206240 229233 126134 192198 157157 238249 226230 136170
utila, 201205 119125 216240 233233 130132 190192 158161 236238 214222 148154
utila, 203225 121125 216238 229231 126126 192192 157157 236249 204208 138152
utila, 203219 121133 214222 229233 126126 192192 157159 244280 188210 122154
utila, 203205 111119 220232 229229 126132 192192 157157 260276 186197 108140
utila, 203225 109137 206242 231233 126126 192198 157157 251262 192214 108140
utila, 203205 121123 200206 231233 126132 192192 157157 246251 194198 124142
utila, 203217 121135 212224 233233 126130 190198 157163 234249 176188 124146
utila, 203205 119137 220220 225231 126132 190192 157159 236238 184186 122152
utila, 203233 109127 202226 223231 126136 190194 157163 236256 182214 122138
utila, 213255 127151 216240 227233 126132 192198 159165 236254 186188 120138
utila, 205279 119133 218226 229231 126126 190192 157157 236238 194197 100126
utila, 203203 121145 210218 229231 130132 192192 157159 236249 194212 136150
utila, 213217 119121 210230 233233 126132 190192 157157 238262 206208 106140
utila, 203239 125151 210226 231231 126132 190192 157163 244256 186200 106120
utila, 203229 137139 206222 227235 126126 192192 157163 236238 188194 114126
utila, 211229 119135 206238 231231 126126 192192 163171 240276 184198 128138
utila, 227233 121151 206224 229233 126126 192198 157163 244249 206218 106114
utila, 205233 119137 218218 231231 126132 192198 157159 238240 186199 122126
utila, 211233 121125 214230 225229 132132 190196 157165 244274 216222 122124
utila, 203217 135137 218220 229233 118126 192192 157163 238240 191194 120122
utila, 203205 139143 232236 229231 126126 192198 157159 238248 186208 126148
utila, 209219 137137 218224 231235 132132 192192 157163 234240 186194 104138
utila, 203205 119133 206216 231231 126126 190190 163169 244258 182184 126156
utila, 205215 119129 230230 223233 128132 192200 157159 244274 186198 124136
utila, 205227 119149 226246 225231 126126 192198 157163 234238 192214 122138
utila, 215257 121127 214216 225229 126132 190192 157157 238274 000000 106148
utila, 203219 119119 218238 225229 134136 192192 157157 240274 184212 114162
utila, 203217 119141 204206 223229 126132 192192 157159 258262 186198 122122
utila, 203207 127139 218224 231235 126126 190192 157163 240244 171214 120138
utila, 203221 121137 220230 229235 132132 198198 157163 238242 198218 122126
POP
guanaja, 203207 147149 230240 223235 126126 190198 157157 235256 204212 122140
guanaja, 203203 129137 210216 227231 126132 192192 157157 238256 212222 124148
guanaja, 203217 123135 200212 229235 126126 190192 157157 246248 182214 122132
guanaja, 205205 123123 222240 223233 126132 190192 157158 236276 182186 120132
guanaja, 000000 000000 000000 000000 000000 000000 159163 244246 198222 118124
guanaja, 211217 123123 212228 229229 130132 192198 159165 244244 192192 106148
guanaja, 205217 133139 232232 223231 132134 190192 157163 242244 182199 122134
guanaja, 205209 119119 222226 225233 126128 192192 157157 236244 196218 106128
guanaja, 213215 121123 202240 229231 128130 192198 157159 236256 186198 132138
guanaja, 205217 121133 210220 231233 126126 190192 157159 236238 186186 136142
guanaja, 205221 123133 238244 229231 126132 192194 157157 249256 212226 122136
guanaja, 203219 119163 222226 229231 126132 192192 157163 246249 194220 106138
guanaja, 203217 121135 220222 229231 132136 190190 158167 240246 216236 130134
guanaja, 203235 119133 206220 223227 130132 192198 157159 238256 194208 118144
guanaja, 203205 119121 218218 227233 126126 190190 159159 240282 190208 124148
guanaja, 215229 123139 222224 227231 126132 192192 157157 234244 184194 106118
guanaja, 000000 123133 204220 000000 118126 190194 000000 232240 000000 000000
guanaja, 203205 119123 206222 229231 126132 190192 157157 238244 182224 140158
guanaja, 203205 000000 226228 233233 132136 190192 157159 242244 184214 108134
guanaja, 203205 119125 214244 231231 126132 190194 157157 244258 200206 124138
guanaja, 203205 119119 206212 227231 126132 190192 157157 238240 206208 118122
guanaja, 203227 119141 216236 225233 126130 190190 159163 238244 182198 114126
guanaja, 000000 119159 222240 231233 126130 000000 163165 238240 186228 118126
guanaja, 000000 000000 000000 000000 000000 000000 159163 238238 198206 138140
guanaja, 201217 119139 208238 217233 126132 190192 157157 238256 184188 126128
guanaja, 205233 123149 206240 229231 126132 192198 157157 240246 208212 134162
guanaja, 205223 119135 210226 227231 126132 192192 159163 238248 190214 120130
guanaja, 213225 121123 210230 223229 126126 190192 157159 244245 186198 118156
guanaja, 211227 133143 204214 223231 126132 192192 157157 234240 208212 104116
guanaja, 229231 119145 214220 223231 126126 190192 157157 238262 200202 000000
guanaja, 203217 123145 218218 225227 126132 194198 157159 236258 196224 108122
guanaja, 203205 119121 206214 225227 126132 190190 157159 240256 194208 126140
guanaja, 217223 119123 218222 227231 126136 190198 157159 234244 194206 122126
guanaja, 203221 127135 226228 231233 132132 192192 157157 230234 210214 106146
guanaja, 203217 133141 222240 227229 126126 192198 157157 238240 184212 122124
guanaja, 217217 137153 214224 227231 126130 192194 000000 247260 218222 118138
guanaja, 227231 139147 226230 231237 132134 192192 163165 244258 184220 126144
guanaja, 205215 113127 210222 233233 126126 190190 157159 234246 186224 138140
guanaja, 221227 123129 206214 227229 126132 192192 157157 234238 190220 124148
guanaja, 207231 123157 214220 229233 126126 198204 157157 236244 186196 132140
guanaja, 205229 119125 222228 223233 126132 190194 157163 238244 190204 144150
guanaja, 203221 137155 216226 229233 126126 192192 157157 240242 206210 122140
guanaja, 203205 117119 224226 229233 126126 190192 157157 249258 198216 106126
guanaja, 207235 119119 222240 231231 126126 190198 157163 236236 184194 122126
guanaja, 205221 000000 226228 229233 122132 194198 157157 000000 176178 136136
guanaja, 203221 111135 226242 223231 132132 192198 157161 262264 206224 122130
guanaja, 203223 119123 214230 231233 126126 190190 157159 234238 208214 122150
guanaja, 205235 119153 206214 229233 126126 192192 157157 240274 194210 118132
guanaja, 217217 121125 212224 229231 126130 192192 157159 244275 186190 120132
guanaja, 203203 119121 206222 227233 126132 190198 159165 244249 214228 108118
guanaja, 203217 000000 204224 213229 126130 192198 159165 236260 216226 122152
guanaja, 203217 119119 206216 231231 126132 190192 157163 234244 182214 118158
guanaja, 203211 117125 224230 229233 126132 192198 157157 244251 186191 126128
guanaja, 203235 113121 220222 231233 126138 192194 157163 242253 182197 114122
guanaja, 213221 133135 218240 223229 126132 192198 157163 234238 204216 112126
POP
cayos becerros, 203229 109133 224250 231233 126132 190200 157159 238240 194218 116124
cayos becerros, 203205 121121 226238 231237 126126 190192 158163 236248 220224 126144
cayos becerros, 205227 121149 204222 231233 126126 190192 157163 244276 176196 106136
cayos becerros, 000000 123149 218224 227233 118126 000000 146157 236244 182222 122136
cayos becerros, 231233 121127 214226 227231 126132 192198 157157 234236 184194 118118
cayos becerros, 205225 119153 226228 231233 126126 192198 157157 244251 000000 136136
cayos becerros, 211221 121159 206218 231233 126126 192192 158163 244244 000000 124152
cayos becerros, 189203 113127 212226 225233 126132 190198 157165 240250 222226 126126
cayos becerros, 203205 121137 204220 227229 126130 192192 157158 238256 201212 106122
cayos becerros, 205221 121133 206228 223233 126132 192192 157163 234258 182194 106144
cayos becerros, 221231 115139 216232 227233 126132 190192 145157 248256 000000 116142
cayos becerros, 221253 123127 204214 229231 126136 190190 159159 238249 182182 128142
cayos becerros, 203235 121141 214230 231231 126132 192194 157159 000000 000000 138142
cayos becerros, 203203 139157 204222 233233 126136 192192 157157 234246 207229 122122
cayos becerros, 229233 000000 216226 223231 126126 190192 157163 240242 188188 124128
cayos becerros, 221223 123141 212220 227235 126130 192192 157157 244250 190200 130142
cayos becerros, 203227 119121 222226 231231 130136 190190 157157 236256 184202 120144
cayos becerros, 205219 000000 202210 229231 126126 190198 163165 244272 172201 122126
cayos becerros, 205227 135135 220224 227233 126130 192192 145157 238254 186196 120138
cayos becerros, 203217 111135 214214 233233 126126 198198 157157 236240 214220 150158
cayos becerros, 219233 135143 220226 231233 130132 190192 157163 238244 176204 108122
cayos becerros, 205205 121133 210222 227233 126132 190192 157163 234240 182198 140150
cayos becerros, 203217 119137 220238 231231 126126 190192 157157 240258 196198 106130
cayos becerros, 215257 125137 204230 000000 132132 192192 157157 234260 186222 122122
cayos becerros, 217231 119151 224232 229231 126132 190198 157158 238244 191200 114118
cayos becerros, 205217 119125 218240 221223 126132 192192 157159 236236 182232 150162
cayos becerros, 203205 119121 204206 231233 118126 192198 159163 238251 186216 140140
cayos becerros, 213227 119125 204214 229229 126126 190192 157167 238244 186194 106124
cayos becerros, 203211 117125 202216 223227 126130 190192 157157 236246 198202 124158
cayos becerros, 213227 119129 220230 227235 126130 190192 157159 236238 198214 120122
cayos becerros, 217223 119151 206218 235235 126126 192192 157159 234290 198212 000000
cayos becerros, 203211 113119 216228 221227 126132 192198 157157 238242 188206 124130
cayos becerros, 215225 121125 210228 227229 126132 192192 145157 236256 190194 134150
cayos becerros, 205219 000000 206224 231233 118126 190192 157157 240249 000000 140162
cayos becerros, 213221 119135 206220 223227 118126 190198 157157 234236 194218 110114
cayos becerros, 211219 119153 214224 225231 126130 190192 157167 234258 176196 122122
cayos becerros, 203211 133147 212226 227231 126132 190192 157159 244249 182188 122136
cayos becerros, 203235 139139 216224 229231 126126 190198 157163 236254 182218 106114
cayos becerros, 203205 119143 204206 227227 126132 190192 157157 234240 184222 122134
cayos becerros, 203225 139139 210226 221235 126126 192194 158163 241248 188212 110140
cayos becerros, 215221 123133 210222 221233 000000 192192 157169 238238 214216 124126
cayos becerros, 213217 137141 230242 233233 126126 192198 157157 236236 186208 118122
cayos becerros, 205207 119127 208234 227227 130132 190192 157163 240254 186232 118126
cayos becerros, 205225 119121 232234 225227 126138 192198 157157 234238 182236 130146
cayos becerros, 205227 123135 218228 233233 126126 192192 157163 234244 172194 154156
cayos becerros, 217221 123137 206216 229231 126132 192198 157171 244260 206214 140160
cayos becerros, 211227 119119 206222 229229 126132 190192 157161 234238 198216 120122
cayos becerros, 207217 149155 206220 229231 126126 192198 157157 244246 184218 142152
cayos becerros, 203223 125135 206238 225225 126126 190190 157159 236238 178224 108128
cayos becerros, 203205 119119 210224 225227 132132 192192 157159 236240 182202 134162
cayos becerros, 205211 119125 222224 229233 126126 190192 157157 240256 191194 122138
cayos becerros, 203215 121133 228244 225227 126126 192192 157159 256290 198198 122122
cayos becerros, 203203 111151 220226 225233 126132 190192 159163 234263 184222 130140
cayos becerros, 203221 121133 208210 223227 126126 190192 157157 238249 206214 126128
cayos becerros, 233259 121123 214220 225233 126132 192192 157163 243251 194206 142156
POP
cayos de media luna, 203215 123129 220224 221227 126132 190190 157157 244244 198218 106118
cayos de media luna, 203233 123149 210220 223235 126126 190192 158159 234240 171220 122128
cayos de media luna, 203211 111123 204222 227227 126132 192196 157159 236238 196210 118132
cayos de media luna, 231231 137139 218222 227233 126126 190190 157163 238244 182214 120138
cayos de media luna, 203229 123139 210234 225225 126132 190192 157163 258276 186214 116122
cayos de media luna, 203253 119135 206250 231231 126126 190192 157159 238244 182186 112126
cayos de media luna, 203215 137139 220230 225227 126126 192192 155157 238274 182198 126162
cayos de media luna, 203221 123157 206230 231233 132132 190198 163163 236256 188216 122144
cayos de media luna, 227227 123123 204240 225233 126126 192192 157163 238248 196214 128148
cayos de media luna, 261279 127139 212224 231231 126126 192198 157159 236238 194200 108122
cayos de media luna, 215217 117127 212226 225233 126136 192192 158158 238274 184212 108146
cayos de media luna, 205215 119123 206216 227231 126126 192192 157157 234238 182224 118136
cayos de media luna, 000000 000000 208226 000000 000000 190192 157163 236246 188204 120144
cayos de media luna, 203203 119133 206244 225233 126126 190192 163163 234242 186224 130148
cayos de media luna, 215229 123137 222224 227231 126126 192198 157159 246246 198212 130142
cayos de media luna, 207215 123125 198216 227233 126132 190192 157157 236262 198234 122130
cayos de media luna, 227229 119127 200206 225233 126132 192192 157163 240253 194198 118160
cayos de media luna, 205221 123157 212224 223231 126130 196200 157157 248254 188210 106134
cayos de media luna, 205227 119119 230230 231233 126128 190192 157163 244244 199204 136142
cayos de media luna, 203203 119119 216226 231233 126126 190192 157159 254273 172212 126126
cayos de media luna, 217227 123127 212218 229233 130132 190192 157169 238238 186194 146150
cayos de media luna, 203221 119131 000000 225231 126126 192196 157157 238238 194199 142144
cayos de media luna, 203211 123127 216222 233233 126132 192194 157159 246249 190198 122130
cayos de media luna, 205205 000000 210212 227229 126132 190192 163163 234244 182184 130134
cayos de media luna, 203207 135135 214218 225227 126132 190192 157157 238246 206210 118128
cayos de media luna, 205205 131133 200220 231233 126132 190190 158158 238249 190218 138140
cayos de media luna, 247257 131135 212224 223235 126126 192198 157157 238240 192194 106158
cayos de media luna, 203203 131139 206210 225231 126126 192192 157161 249262 196212 136146
cayos de media luna, 217227 111137 204208 225231 126130 190190 157157 244249 218226 122138
cayos de media luna, 203245 135153 226226 229233 126132 192192 157159 236244 184238 122146
cayos de media luna, 217229 123133 220226 225231 126132 192192 157159 230245 196198 132140
cayos de media luna, 203203 121135 230244 229233 126132 192192 163163 238240 184214 138142
cayos de media luna, 203215 135137 222226 223233 132132 190200 158163 236254 188216 000000
cayos de media luna, 205215 119129 226226 223225 132136 190190 157163 238238 186208 118130
cayos de media luna, 225235 119119 212226 227233 132132 192192 163169 236238 194196 106134
cayos de media luna, 203217 113135 218234 225231 132132 192198 157157 240274 186214 120124
cayos de media luna, 203221 119137 198234 227233 118126 192198 157159 236250 184216 114146
cayos de media luna, 203231 117123 214228 223223 126136 192192 157165 244256 194198 112126
cayos de media luna, 225231 123129 218224 225229 126130 190200 157159 242266 188200 138138
cayos de media luna, 203205 119151 206224 235235 126132 190190 157157 237246 199234 128144
cayos de media luna, 203217 119147 224230 223229 126126 190190 158159 237237 184212 126132
cayos de media luna, 203209 121127 204230 233235 126126 190192 157163 233244 194202 136148
cayos de media luna, 203231 113133 236240 227227 126126 190192 158159 251256 194216 000000
cayos de media luna, 203221 119123 212230 227233 126132 192192 157157 237243 194222 126136
cayos de media luna, 203205 127127 214226 223231 126126 190190 157159 238246 176220 122124
cayos de media luna, 201203 123145 214234 227231 126126 192198 157163 236246 186188 142146
cayos de media luna, 203205 109133 220226 229231 126132 192198 157159 248254 214218 132142
cayos de media luna, 203251 111119 214218 223231 126126 192198 157163 234258 188208 126140
cayos de media luna, 215257 121139 222226 221223 126132 192198 157157 254256 206216 126128
cayos de media luna, 225225 135139 202230 227231 126126 190192 157157 234244 182198 000000
cayos de media luna, 223237 123131 230232 227235 126132 192198 157165 246276 176232 000000
cayos de media luna, 211227 135147 206212 225233 126126 190192 159163 234238 194202 118126
cayos de media luna, 215229 139153 206240 223225 132132 192194 157163 241286 184210 000000
cayos de media luna, 203227 109137 226226 221229 126126 190192 157157 244244 198214 128148
POP
bocas del toro, 209217 000000 210240 233233 126136 190190 159159 246272 182198 114120
bocas del toro, 203229 000000 200216 231233 126126 190192 163165 245276 188226 106138
bocas del toro, 217217 137151 204220 225227 126132 192192 157158 234236 182202 106158
bocas del toro, 203223 129135 216228 231231 126126 190192 159169 238244 188196 138146
bocas del toro, 223239 119119 210226 229229 126126 192192 163163 236240 202208 128136
bocas del toro, 217219 119141 216222 227229 126126 198198 157163 244249 202220 122142
bocas del toro, 203227 121121 216216 229231 126126 190192 157163 244258 194226 114150
bocas del toro, 219223 121127 216226 225233 130132 190192 157159 242280 182198 118132
bocas del toro, 203203 111133 218224 229231 126132 192198 157159 238238 188200 106124
bocas del toro, 203213 127129 206218 229233 126130 192192 157159 240240 200226 136160
bocas del toro, 203211 129131 214216 225233 126126 190192 157163 244244 182182 150152
bocas del toro, 203215 117123 212232 229233 126126 192192 157158 234236 182220 122134
bocas del toro, 233259 119151 210218 225229 132132 190192 158161 236244 194226 122150
bocas del toro, 203213 119125 204218 223233 126130 190192 157163 238256 212220 128138
bocas del toro, 217237 000000 204230 233235 126126 190198 163163 236246 198212 106132
bocas del toro, 205215 119141 210224 223231 126128 190192 163163 238240 182222 152158
bocas del toro, 203239 113121 210226 227229 126126 190192 159163 236246 182198 128148
bocas del toro, 203219 119121 208230 233233 126132 192192 157157 238262 182186 134146
bocas del toro, 201203 119135 216244 225227 126132 192192 157157 236278 182182 124128
bocas del toro, 203205 129131 218234 225235 126132 192198 157157 236236 194194 130136
bocas del toro, 207215 119143 216220 233237 126126 190192 157157 234256 188194 132160
bocas del toro, 203227 121139 212222 223235 126126 192196 157163 245278 188206 134134
bocas del toro, 205217 119149 216240 231231 132132 192198 157159 246249 202214 132140
bocas del toro, 203223 000000 204224 225227 126126 190192 157163 238238 182220 110150
bocas del toro, 203205 111137 202202 227233 126126 190194 159163 236256 188214 140156
bocas del toro, 203211 119137 216258 223235 126132 192192 157157 238249 176182 132132
bocas del toro, 203205 000000 226226 233233 126126 192192 157158 238244 202226 134148
bocas del toro, 203211 119121 216218 233233 130132 192198 157157 240249 192218 128148
bocas del toro, 205217 119123 218228 225231 126126 192198 157157 248250 182214 120122
bocas del toro, 203233 127133 210226 221231 126126 190192 157158 230244 194198 000000
bocas del toro, 205217 000000 206220 227231 130132 190192 157159 256256 186220 108130
bocas del toro, 219235 119119 202230 225227 132136 192192 157157 250258 194220 106106
bocas del toro, 211229 000000 214226 000000 132132 000000 157157 238246 186226 122158
bocas del toro, 201207 000000 202206 225231 126132 192192 159163 242244 194220 116148
bocas del toro, 211225 000000 204244 231233 126126 192192 157163 244249 198200 128146
bocas del toro, 203219 000000 210224 225225 126126 192192 157165 238240 194214 132152
bocas del toro, 203217 119133 206218 223231 126132 198198 158158 236276 186196 120132
bocas del toro, 215217 000000 210230 223235 126126 190192 157161 236239 188222 124134
bocas del toro, 217223 119121 212228 225231 126126 000000 157157 236238 194222 106124
bocas del toro, 203217 000000 210216 229231 126132 190192 157157 234268 182194 122122
bocas del toro, 205211 123123 212216 233235 126130 192192 157158 246256 182212 122126
bocas del toro, 233249 119137 212224 223233 126126 192192 163165 238251 182226 106136
bocas del toro, 203203 117119 206206 229233 126136 192198 157159 236248 182194 106120
bocas del toro, 203219 111121 204218 231233 126126 192198 157157 234236 182222 114146
bocas del toro, 203209 119155 216216 229231 132132 192192 157165 238249 202222 120122
bocas del toro, 205217 121141 204236 231233 126126 192192 157157 234238 182206 122138
bocas del toro, 215225 121151 216230 231235 132132 192192 157165 249258 220222 106136
bocas del toro, 203203 117119 204216 227231 126132 192192 157163 238272 182218 126150
bocas del toro, 203213 000000 204216 231233 126130 192192 157157 236238 182196 118138
bocas del toro, 203231 137137 216228 229231 126136 190192 157157 238240 196204 128132
POP
el porvenir, 203205 141141 226232 231231 126126 192192 157167 242262 198220 132138
el porvenir, 203225 121137 202212 225227 130130 190198 159163 248274 194210 140152
el porvenir, 215231 119127 204226 225233 126126 190192 157159 236236 186186 122146
el porvenir, 219247 000000 220226 223229 132132 192192 157157 238244 188194 134140
el porvenir, 203217 119127 216226 225233 132132 192196 157159 240254 188218 118126
el porvenir, 215253 119147 214226 231233 126130 190192 157157 236251 186222 118122
el porvenir, 213223 123125 202220 229233 126126 192192 157163 240256 198220 120124
el porvenir, 203217 119155 206206 227233 126126 192192 157163 234245 186186 140142
el porvenir, 213223 119121 206218 223227 126126 192192 157165 237240 188194 106122
el porvenir, 211259 119141 216220 231233 126132 192192 157157 236251 206222 126146
el porvenir, 203227 135141 226244 233235 126132 190192 157157 234266 188190 132162
el porvenir, 215225 139155 220222 227231 126132 192198 157159 237279 188222 120140
el porvenir, 203219 137137 226230 229235 126132 192192 157163 256256 198206 114148
el porvenir, 203203 135135 202206 225227 126126 192192 157163 237244 218222 122124
el porvenir, 205215 125137 212214 227229 126126 192192 157163 240240 000000 122126
el porvenir, 203215 127135 204232 227233 126126 190192 157157 237274 000000 106128
el porvenir, 217223 121137 222226 231233 126126 190192 157157 238240 194208 128132
el porvenir, 205235 117119 216226 231231 132132 192192 157157 243268 186224 114114
el porvenir, 203203 115127 216224 227231 126126 192192 157159 237244 182196 126140
el porvenir, 203255 119125 204232 229233 128132 192192 157159 237237 194204 118130
el porvenir, 205211 119137 226226 225225 126132 192192 157157 234242 186202 114122
el porvenir, 205205 123159 222226 231235 126132 190190 157157 244263 182226 132156
el porvenir, 203209 119127 216226 223233 126126 190192 157157 243256 210214 106122
el porvenir, 203221 119121 216226 229231 126132 192198 157157 240272 206222 122132
el porvenir, 205233 121149 202216 223233 126130 190190 157159 234244 210220 106106
el porvenir, 203205 141141 222226 231233 126126 190198 157157 266274 184224 126130
el porvenir, 201259 119119 216218 223231 126126 190192 157157 236236 194216 106126
el porvenir, 203203 119127 208216 231233 126126 192192 157163 244264 186190 146152
el porvenir, 203233 119141 216222 227233 126132 190192 157157 236236 210218 122132
el porvenir, 205211 119125 224234 225233 126132 190192 157158 000000 188218 126148
el porvenir, 203227 113123 198212 227235 126132 192192 159159 256274 186196 114168
el porvenir, 203211 119121 206218 227233 126136 190190 157161 235244 186188 122146
el porvenir, 223255 121149 220226 227233 126136 190198 157165 248262 196208 124148
el porvenir, 219233 000000 226228 227233 126132 192194 157159 238244 184186 120134
el porvenir, 211223 111137 232242 231233 126132 190192 157163 256274 182186 134140
el porvenir, 203223 111119 216234 231233 126132 190192 157158 238268 206230 106148
el porvenir, 203203 121151 224224 223229 126128 190192 157157 266278 190204 122126
el porvenir, 211223 111121 216236 231233 126126 192198 157159 237278 226226 118132
el porvenir, 225235 121137 224238 223235 126126 190192 157161 268268 186188 118122
el porvenir, 215225 119121 202244 229233 126126 198198 157159 244254 171218 114138
el porvenir, 203203 000000 222226 231233 126130 192192 157157 238274 186214 142160
el porvenir, 205211 125141 216222 225233 126126 192198 157163 244264 188194 096146
el porvenir, 203203 123127 208222 229233 126126 190192 159163 236238 182191 130152
el porvenir, 203205 137157 222242 231231 126132 192198 157157 264266 212230 122128
el porvenir, 203205 119119 208228 223227 126132 192192 157157 242242 218220 106134
el porvenir, 203219 133135 210220 225233 126132 190192 157159 242246 190190 114116
el porvenir, 205223 119159 212216 231233 130132 192192 157157 236272 230234 148150
POP
cayos holandeses, 203223 121123 204222 225229 126126 192194 157163 237244 190194 146150
cayos holandeses, 203229 115133 206226 227233 126130 190190 163163 249274 204222 132136
cayos holandeses, 203221 119121 216258 223227 126130 192192 157157 234240 186198 122146
cayos holandeses, 203205 123129 204216 229231 126136 192192 157159 237244 188216 108118
cayos holandeses, 217233 119123 204224 229231 132136 190192 157159 236270 186190 130138
cayos holandeses, 215227 113125 208216 225225 126126 190198 157167 243256 198201 134140
cayos holandeses, 217223 121123 212216 231233 126126 192198 157161 244251 186194 106150
cayos holandeses, 203227 119121 206244 227231 130132 192192 157157 244274 188206 122128
cayos holandeses, 217225 119121 222244 000000 126132 192192 157157 243246 198220 150154
cayos holandeses, 203203 119127 210224 233233 126136 190192 157159 234266 214214 106146
cayos holandeses, 215217 133137 204224 223233 126126 192198 157157 239251 184204 144154
cayos holandeses, 000000 119121 000000 000000 126126 190192 157159 249262 194220 122150
cayos holandeses, 203205 000000 218226 231235 000000 000000 157167 236246 214228 122144
cayos holandeses, 201205 111137 222226 227235 126126 192198 157159 249253 188226 126146
cayos holandeses, 000000 111141 202202 229235 126126 192192 157165 236264 188232 114122
cayos holandeses, 203253 135137 218234 223235 130132 192192 000000 000000 000000 000000
cayos holandeses, 203217 125141 200222 225225 128132 190190 157163 238249 181220 122126
cayos holandeses, 203229 119139 206218 221227 132132 190192 165165 234240 188218 136148
cayos holandeses, 203225 119121 222226 227231 126132 192194 159161 240266 186206 118146
cayos holandeses, 205217 119119 220226 225227 126126 190198 000000 000000 188202 104106
cayos holandeses, 211229 119137 200230 229231 126126 190192 157157 234236 194206 144154
cayos holandeses, 219259 123127 218234 225227 132132 192198 157163 238254 206220 118138
cayos holandeses, 203227 123125 218236 227231 126138 190192 159167 243258 184198 124136
cayos holandeses, 205229 133141 212226 227233 126136 190192 157159 239246 186188 136154
cayos holandeses, 203215 119149 206214 229233 126126 190192 157159 000000 188220 120120
cayos holandeses, 229239 121123 204206 227233 126132 192198 157161 242249 198204 112142
cayos holandeses, 205237 119139 224228 223227 126136 190192 157158 000000 210218 108130
cayos holandeses, 203223 113121 206218 231233 126132 190198 157161 249254 214220 128130
cayos holandeses, 203237 135149 202216 225229 126126 192192 157163 234244 216226 120122
cayos holandeses, 211221 121127 210226 223231 126132 190192 157157 244248 182202 000000
cayos holandeses, 203215 121125 206226 223229 126126 190190 159163 264268 222224 128130
cayos holandeses, 203203 127137 212244 229231 126126 192192 157159 234236 176206 106146
cayos holandeses, 203203 121135 216218 229233 126130 190198 000000 000000 000000 000000
cayos holandeses, 203215 119127 216216 229229 132132 192194 157157 000000 204228 106136
cayos holandeses, 000000 000000 000000 000000 000000 000000 157163 000000 196206 000000
cayos holandeses, 203217 119127 222226 227229 126126 198198 157157 000000 171198 000000
cayos holandeses, 215225 119121 202250 229231 126126 190198 157158 240244 194214 120136
cayos holandeses, 203205 125129 202226 229233 126126 190192 157167 244260 186222 142144
cayos holandeses, 203203 123141 216216 223235 126126 190192 157157 249254 192216 120128
cayos holandeses, 203205 113121 204210 207223 118126 192192 157159 237249 186196 120154
cayos holandeses, 203203 129133 218228 225233 126126 192192 157157 242244 184206 130134
cayos holandeses, 203211 119131 206206 229233 126132 190198 157157 258280 182199 120146
cayos holandeses, 215221 119121 234240 231231 132134 192198 158161 244249 184198 106122
cayos holandeses, 205205 111129 216244 225233 126132 192198 157159 243248 194200 132140
cayos holandeses, 203203 127133 214214 227233 126126 190192 159163 244246 194214 122158
cayos holandeses, 215223 119123 216226 225227 126132 190192 163163 239268 186222 118122
cayos holandeses, 203203 137139 224238 229233 132132 192192 157158 000000 192216 000000
cayos holandeses, 000000 000000 000000 000000 000000 000000 157159 268283 186196 122142
cayos holandeses, 211253 115151 216226 227233 126126 192192 161163 234240 184206 118130
cayos holandeses, 203203 123123 206216 231233 126138 190192 157157 234237 182199 000000
cayos holandeses, 205215 111125 224226 223227 130132 198198 157157 236242 184198 146148
cayos holandeses, 203211 119127 210222 225233 126132 190192 157157 253269 194200 106126
cayos holandeses, 229231 000000 222240 227233 126130 192194 157163 246254 212220 132142
cayos holandeses, 203203 119123 210212 229231 126126 190192 157157 230246 188222 000000
POP
islas puyadas, 203229 119129 226244 223227 124126 192192 157161 242256 186188 112136
islas puyadas, 205215 119149 226244 231235 126126 190192 159161 246256 194198 126144
islas puyadas, 203229 121123 204226 223227 126126 192192 157157 236249 194204 114124
islas puyadas, 203203 119135 216218 233233 126126 192192 157159 244249 194208 126130
islas puyadas, 205221 135137 206240 223231 126126 192198 159159 258264 171214 124146
islas puyadas, 217229 111121 220222 227235 126136 190192 157157 235237 208214 126128
islas puyadas, 203259 131141 206244 227231 126126 190192 000000 237243 214216 112134
islas puyadas, 223227 119151 212214 225231 132138 190190 157157 249286 188206 126158
islas puyadas, 217221 115121 212216 227233 126126 190192 157157 000000 186186 106126
islas puyadas, 217233 117123 210218 227231 126132 192192 157165 239243 000000 110126
islas puyadas, 203215 119141 220230 227229 126130 190190 157158 230241 000000 124140
islas puyadas, 203223 119121 214232 235235 132134 192198 157157 237243 176188 106120
islas puyadas, 203211 111117 216222 229233 132132 192192 157157 256268 184184 118124
islas puyadas, 203255 119119 202222 229231 126126 192194 157163 240249 184218 132150
islas puyadas, 205215 117141 218218 227233 126126 190192 157157 244266 188196 106134
islas puyadas, 203203 123141 222230 225233 126132 192192 157157 240243 190193 112126
islas puyadas, 203211 121149 212212 227227 126132 190192 157157 249256 190206 122124
islas puyadas, 203217 123155 214250 229231 126132 192192 157163 237266 186212 128138
islas puyadas, 203205 137141 222222 229231 126126 190198 157169 237254 214218 116122
islas puyadas, 203215 000000 212214 223231 126126 192192 157159 233244 212220 118136
islas puyadas, 211225 123133 220222 223231 126126 190192 157163 240266 198204 138138
islas puyadas, 205215 119137 222244 231235 132132 190192 157157 244253 212228 134146
islas puyadas, 203215 123141 204204 231233 126126 190192 000000 000000 000000 000000
islas puyadas, 203215 125149 220220 227231 126126 192198 157157 266274 218218 130156
islas puyadas, 203253 119123 202214 229231 126126 190194 000000 000000 000000 000000
islas puyadas, 205213 000000 202204 225233 126126 192198 157157 000000 220230 124136
islas puyadas, 213223 119121 222226 223231 126126 192192 157157 237254 190198 132146
islas puyadas, 203209 000000 202216 223227 126126 192192 157159 237251 194196 122124
islas puyadas, 211215 000000 206220 229233 126126 190192 157158 236246 192198 122172
islas puyadas, 203251 000000 202216 231235 126126 190198 163163 244249 188193 122142
islas puyadas, 203203 000000 206226 223231 126132 190190 159163 237244 214216 112134
islas puyadas, 205215 000000 210222 231237 126126 192192 157161 235235 194200 138140
islas puyadas, 203239 000000 212228 223231 126126 192192 157163 239239 186188 132138
islas puyadas, 203203 000000 208216 225233 000000 192200 157163 239241 186188 106146
islas puyadas, 205219 000000 226228 227233 126134 190190 157157 235246 194226 128138
islas puyadas, 203225 000000 218226 225235 126128 192192 157157 238243 176188 106120
islas puyadas, 205225 115139 216228 223231 126132 190192 157165 236246 186220 134136
islas puyadas, 203227 133139 224228 227233 126132 192192 157157 234246 186191 124134
islas puyadas, 201203 119123 218234 227227 126132 192192 000000 236244 000000 000000
islas puyadas, 201203 121141 204220 225231 126136 000000 159163 234254 196198 000000
islas puyadas, 211211 125155 204224 229231 126136 192192 157159 244249 000000 150150
islas puyadas, 207217 121123 204232 227235 126132 190192 157157 240240 182214 000000
islas puyadas, 203203 127135 226226 231233 126126 192204 157163 242256 216218 128138
islas puyadas, 231235 123127 216226 225229 126132 190190 157169 242244 188220 142146
islas puyadas, 203235 000000 216222 225229 126132 190192 161163 248280 184200 130138
islas puyadas, 203203 119119 196210 231235 132132 190190 157167 234241 186190 130144
islas puyadas, 205225 111123 202222 223233 130132 190192 157167 236270 214218 122134
islas puyadas, 203229 125155 214226 225231 126132 192192 157159 240240 182220 126128
islas puyadas, 215225 121125 202206 225231 132132 190192 157163 249251 182226 108122
islas puyadas, 203203 111119 216220 227235 126138 190192 157163 237264 198206 106122
islas puyadas, 215233 111123 204208 223231 126126 190198 161165 236241 182212 112134
islas puyadas, 223233 119127 224226 229231 126132 190192 157157 251266 190204 134146
islas puyadas, 205223 000000 218222 231233 126132 192192 157163 237264 218220 128136
POP
cayos ratones, 221231 119139 204206 227233 126130 198198 157157 242244 194196 108126
cayos ratones, 203227 111145 204204 223233 126126 192194 157157 233289 175200 130162
cayos ratones, 000000 000000 000000 000000 000000 000000 157158 256262 199213 100118
cayos ratones, 205215 119139 206222 225231 126126 192192 157157 236274 199202 106152
cayos ratones, 209223 135135 206242 223229 126126 192192 157157 238256 194206 130150
cayos ratones, 203245 113127 204206 233233 126134 192192 157157 236240 171198 126126
cayos ratones, 203215 135135 208222 225231 132132 192198 157161 239244 184194 122122
cayos ratones, 205235 133137 214230 223223 132132 190192 157157 236237 208224 108132
cayos ratones, 203221 123149 220220 229233 126130 192198 157163 237237 186194 106138
cayos ratones, 221225 121135 216228 227235 126132 192192 157163 248278 171181 122158
cayos ratones, 203203 123149 222222 000000 126132 190192 158167 235237 194212 120138
cayos ratones, 215231 121155 216232 227231 132132 190190 157158 235237 194206 114130
cayos ratones, 211213 135157 218226 223229 126126 192198 157157 249253 190198 124126
cayos ratones, 217219 123133 204214 229233 126130 192192 157163 246249 188224 126128
cayos ratones, 203233 123141 216230 225227 126126 192192 157159 245248 198214 116130
cayos ratones, 203209 117125 224228 227233 126126 190192 157157 234237 194214 114136
cayos ratones, 203219 119127 204220 233233 126126 190198 157157 236256 204204 132132
cayos ratones, 203233 119129 212226 229231 126126 192192 157158 248262 194218 138138
cayos ratones, 201203 123141 216226 225235 126132 192192 163163 258264 202226 132136
cayos ratones, 203205 119141 222222 231231 126126 192198 157159 249266 184218 122128
cayos ratones, 203203 125159 212222 227231 126126 194198 157163 240240 000000 128140
cayos ratones, 217229 121141 226234 225233 126126 190192 157157 235240 000000 124130
cayos ratones, 213223 121127 222226 233233 132136 192198 157159 240245 000000 136148
cayos ratones, 213215 119123 200216 225233 126126 190192 157163 235264 206222 132144
cayos ratones, 203203 119145 226226 233233 126126 192192 157163 249264 182194 122138
cayos ratones, 203205 119123 220226 229233 126126 192198 157163 244276 206222 130158
cayos ratones, 203225 121123 000000 229231 126132 190198 157157 235256 206218 128156
cayos ratones, 211217 117135 214222 229233 126132 190192 157157 237258 214218 128138
cayos ratones, 211245 119133 224226 227231 126130 192192 157159 237237 175186 122126
cayos ratones, 205215 115121 208222 225231 126126 192192 157161 233236 194212 120132
cayos ratones, 203203 123127 222222 233233 126136 192192 157157 242264 218218 106128
cayos ratones, 203217 145149 228232 227235 130132 190192 157157 237256 193230 120150
cayos ratones, 203203 137159 208222 231231 126126 192198 158163 236266 188196 128132
cayos ratones, 203223 135135 206226 227231 126138 192198 157165 249255 182214 136142
cayos ratones, 000000 123133 204212 000000 126126 192198 157163 234257 220220 122124
cayos ratones, 203217 119119 206210 229231 126132 190192 157167 000000 194222 120134
cayos ratones, 203205 123129 206228 227231 130132 190192 157163 233233 210212 118124
cayos ratones, 211213 000000 204214 229231 126126 192192 157159 233246 188210 122134
cayos ratones, 205205 121135 208224 229233 126132 190192 157157 249272 186192 126140
cayos ratones, 215215 123137 206224 223225 126132 192192 157159 242266 175186 124126
cayos ratones, 203211 119141 222222 227231 126132 192198 163163 235237 194218 106126
cayos ratones, 203227 111139 214224 227229 126132 192192 157157 249254 194214 122148
cayos ratones, 205205 119125 222222 231231 126126 190192 157157 258274 218218 128144
cayos ratones, 203207 127135 218236 225233 126132 192192 157159 235276 212216 124130
cayos ratones, 207221 119133 206226 229233 126132 190192 163163 242251 182192 124134
cayos ratones, 203203 125127 212220 227231 126132 192192 157163 235251 000000 140142
cayos ratones, 203215 141163 222230 231233 126126 192198 157157 242270 000000 128130
cayos ratones, 207217 119127 204216 229231 126132 192192 157157 237274 175222 132148
cayos ratones, 217225 119123 220232 233235 126136 192198 157165 241258 196198 126138
cayos ratones, 221225 123157 224224 225233 126132 190192 157159 000000 196212 128134
cayos ratones, 211217 111117 204216 229235 126126 192198 157159 252252 171218 126134
cayos ratones, 205233 137151 212236 225225 132136 190192 157157 237239 192206 124126
cayos ratones, 217225 000000 202222 223233 126126 192194 157163 236256 194218 130138
cayos ratones, 219221 119125 208220 223225 126126 190192 157158 251276 184214 126144
cayos ratones, 203253 141143 204204 231233 126126 192192 159163 235237 186208 144146
POP
cayos ingleses, 203219 121135 214220 231233 126132 190192 145157 234274 186220 126144
cayos ingleses, 217225 127145 208216 229231 126130 190192 159163 244256 200207 138156
cayos ingleses, 203207 123137 226234 231233 126132 190192 157157 242249 171218 124144
cayos ingleses, 203233 000000 202216 231233 126126 190192 157157 243274 182198 126140
cayos ingleses, 203205 000000 206214 227235 126132 192192 157165 240253 186218 138156
cayos ingleses, 203217 119137 212232 223227 126126 190192 157159 246274 184226 106122
cayos ingleses, 203221 119123 222230 223233 126126 190192 157165 234237 206214 122138
cayos ingleses, 221241 121125 216216 229231 130132 190198 157159 239244 182198 120128
cayos ingleses, 203211 119125 222230 227231 126126 190192 157163 242246 191218 112138
cayos ingleses, 000000 000000 000000 000000 000000 000000 157157 236237 212222 106142
cayos ingleses, 000000 123125 222222 233233 126126 190192 157163 237266 171214 114136
cayos ingleses, 205217 155159 216222 231231 126126 192194 157157 236236 218220 108136
cayos ingleses, 203215 123135 220236 229233 126126 194198 157157 237246 186218 134136
cayos ingleses, 223239 137141 222222 231233 126126 190192 157159 270272 194214 112140
cayos ingleses, 223239 137141 222222 231233 126126 190192 157159 270272 194214 112140
cayos ingleses, 211265 133155 204226 225229 126130 192192 157163 236238 202218 126136
cayos ingleses, 203203 125141 214222 229231 126126 192198 157157 264264 218228 106126
cayos ingleses, 000000 000000 000000 000000 000000 000000 157167 240256 226232 122128
cayos ingleses, 205225 117119 218222 225233 126132 192192 157163 240240 194218 122126
cayos ingleses, 215227 119119 210214 229233 126126 190194 157176 234237 184188 112154
cayos ingleses, 203205 141141 216222 233233 126126 192198 157157 238244 186218 112130
cayos ingleses, 203205 119121 224230 223225 126132 192192 131157 234244 190203 118142
cayos ingleses, 203225 000000 216226 231233 126132 192192 157157 234237 176218 126134
cayos ingleses, 207227 109141 206226 225227 126132 192192 157163 237246 190212 126126
cayos ingleses, 203205 141159 202258 233235 126126 190198 157163 236242 196218 126126
cayos ingleses, 205231 131147 222224 233233 126126 192194 157158 234250 194222 124150
cayos ingleses, 205205 127137 216236 229233 126130 192198 158159 256262 188210 152162
cayos ingleses, 225233 121157 226232 229231 126126 198198 157161 237237 190199 106150
cayos ingleses, 203225 123127 206212 225233 126126 190190 157163 000000 214218 106118
cayos ingleses, 203215 121127 204226 231235 126126 192198 159165 240244 220226 118152
cayos ingleses, 215227 125137 206214 231233 132132 192192 157157 244254 196198 108142
cayos ingleses, 215215 121131 212216 225229 126126 190198 157161 233240 175202 130144
cayos ingleses, 217221 125139 226244 227231 126132 190192 157157 243246 194204 146152
cayos ingleses, 211227 119123 216218 231233 126132 190192 157163 234237 186186 122140
cayos ingleses, 203257 125135 222230 231235 126126 192198 157157 238240 186209 122130
cayos ingleses, 203233 123137 206232 233233 130132 190192 157163 233248 182228 118158
cayos ingleses, 205211 119125 214216 223235 126132 190198 157157 245248 188208 122126
cayos ingleses, 203225 123137 216228 229233 126134 192192 158165 249274 184204 122138
cayos ingleses, 203205 141157 222234 229233 126134 192198 157157 242242 216218 126136
cayos ingleses, 213233 135149 204252 231233 126126 190192 157157 235270 188198 106136
cayos ingleses, 219231 123141 226226 223231 126126 192192 157157 242243 182218 118126
cayos ingleses, 219227 119119 206208 223233 126132 190190 157157 235264 208226 124142
cayos ingleses, 203237 123135 198226 227227 126132 190192 157157 235237 216224 124146
cayos ingleses, 217235 117129 218224 225233 126126 190190 157157 235252 226236 138138
cayos ingleses, 211229 119135 210216 233233 126130 190192 157157 243249 182222 122136
cayos ingleses, 205235 137153 216244 231231 126132 192198 157157 251261 214216 118160
cayos ingleses, 203203 139141 206214 231233 126136 192198 157157 237242 186196 140158
cayos ingleses, 225227 119137 230258 223233 126132 192194 157157 237242 198228 132138
cayos ingleses, 205215 111129 204212 229233 126132 190192 157159 236254 194199 124146
cayos ingleses, 203215 133157 204224 225229 126126 192192 157157 236249 194228 144146
cayos ingleses, 205231 121135 206238 227231 126132 190190 157157 234246 208212 122144
cayos ingleses, 203205 119127 224226 225231 126138 190190 157157 236237 000000 138148
cayos ingleses, 203205 125141 216222 233233 132136 190190 157161 248266 000000 128148
cayos ingleses, 203203 119123 208228 223231 126126 192192 157163 243279 000000 140144
cayos ingleses, 203217 121141 218222 233237 126126 192198 157157 000000 181218 132136
POP
achutupu, 209233 119123 216226 227231 128130 190198 157167 240251 214222 108108
achutupu, 203203 119127 204244 233233 126126 192192 157163 236238 198204 106126
achutupu, 211219 123137 204216 223227 132136 192192 157157 254266 186198 122152
achutupu, 203219 119143 202212 225227 126126 190194 159169 249251 182212 106130
achutupu, 203203 123141 212222 225229 126132 192198 157157 242253 188232 108126
achutupu, 213217 119123 216220 231233 126136 190192 157157 242278 188228 106130
achutupu, 203227 123135 220226 229235 132134 192192 157157 238244 184198 134154
achutupu, 203219 125141 204206 227227 130132 192192 158159 240266 175208 146160
achutupu, 203227 119129 234236 231231 126136 190194 157157 246252 202224 128130
achutupu, 203203 121125 226234 223225 126126 192192 157159 262274 186212 124126
achutupu, 225237 117119 216246 229237 132132 192192 157158 249249 188198 122138
achutupu, 203205 000000 212212 225233 126136 192192 157159 230242 206214 122152
achutupu, 211223 123127 224230 221223 126134 190192 157163 234278 188210 128142
achutupu, 203211 127137 226228 233233 132132 190192 157157 234240 214220 114122
achutupu, 203203 119139 222222 225231 126136 190192 157158 256264 198218 118144
achutupu, 203217 109153 206218 225237 130132 192192 157157 251256 171191 122122
achutupu, 211227 133137 200208 227231 126130 192198 157157 237258 198212 122126
achutupu, 203215 119151 220228 231233 132132 190198 159163 228240 171208 128144
achutupu, 223229 121125 212216 231231 126132 192192 157165 236238 175182 120126
achutupu, 000000 123135 204206 227229 126126 190192 157163 243268 188218 122138
achutupu, 205213 121121 224226 221227 126130 190192 157159 234236 196228 106130
achutupu, 205217 121131 212222 223233 126126 192192 157157 249276 186208 130132
achutupu, 203205 119139 214218 225233 126130 192192 157158 274274 186198 114138
achutupu, 205211 119119 218252 231235 126132 190192 157163 252266 218218 118144
achutupu, 231251 111119 206222 229233 126126 192192 163163 240256 194216 122146
achutupu, 205211 125125 202204 231233 126136 190192 157157 238274 186206 126160
achutupu, 203205 121123 214226 231231 126132 190192 157157 246274 184198 132160
achutupu, 203229 121121 222230 231233 126130 192192 157157 234258 186216 106122
achutupu, 203205 109161 216218 229231 126136 192192 157157 237237 200202 126142
achutupu, 211217 119127 206222 227235 126126 190198 157157 272274 188198 140144
achutupu, 203203 109149 210216 227231 126126 198198 157163 270272 186218 124156
achutupu, 215221 121129 220234 229235 132132 192192 157163 253258 184190 126148
achutupu, 203203 117123 206212 223231 126132 190198 163163 236244 208220 000000
achutupu, 221227 125163 216230 225229 126132 190192 163163 240240 184218 000000
achutupu, 205235 111125 230234 000000 126132 192198 157163 244268 184212 124160
achutupu, 203223 125125 202222 223231 126132 190192 157157 244266 194202 000000
achutupu, 217227 125139 204234 229231 126126 190192 157157 241249 194216 000000
achutupu, 203203 129161 206212 229233 126126 192196 157157 234249 194222 000000
achutupu, 203233 137151 210226 227227 126132 190196 157157 242251 175220 000000
achutupu, 211217 119137 220226 225233 126130 190198 157157 234236 186188 000000
achutupu, 205233 141141 222244 227235 126132 192192 157159 256270 214218 000000
achutupu, 221259 111159 202222 231233 126132 192198 157157 234238 188208 000000
achutupu, 211243 000000 216230 221235 000000 000000 157157 244251 186218 106118
achutupu, 203211 111137 210224 223233 126132 198198 157157 238238 186196 106150
achutupu, 205219 119119 206206 225233 126126 192192 165165 238238 218226 106116
achutupu, 000000 000000 000000 227229 000000 000000 157158 238249 186218 112128
achutupu, 205225 119131 216224 225233 118126 192192 157171 237256 186218 132136
achutupu, 203223 119127 222244 227235 126132 192192 157157 249258 206212 122150
achutupu, 203217 123137 226234 225227 126132 192192 157159 238240 190226 106124
achutupu, 203217 139139 224226 231235 132132 190192 157159 240268 194202 106128
POP
isla dupak, 205215 115119 222224 227231 126132 192192 157159 262264 204218 116136
isla dupak, 217217 119125 222232 000000 132132 192192 157157 235244 224226 122158
isla dupak, 203233 119121 216222 231235 126132 192194 157158 239246 212218 126128
isla dupak, 203217 119119 204226 231231 126126 190192 157163 234256 184228 128130
isla dupak, 217231 119123 216226 233233 126126 194194 157163 234244 186202 106126
isla dupak, 205227 119119 222258 227231 126126 192198 157158 256266 188238 126156
isla dupak, 203229 000000 216230 229233 126132 190192 157157 240240 000000 126132
isla dupak, 203211 117119 216218 223227 126126 192198 157161 234234 188204 130140
isla dupak, 203211 139159 226238 231233 126126 190198 157161 232249 186190 118138
isla dupak, 217259 119141 206222 229231 132132 190192 161163 249274 198228 128136
isla dupak, 221225 121125 224226 229231 126126 192198 157163 236237 218228 126156
isla dupak, 203203 125141 206212 227231 126126 190192 157157 242266 218228 126154
isla dupak, 203205 111155 214222 229229 126126 192192 157157 237264 188204 122138
isla dupak, 205211 123129 216222 221233 126130 192192 157159 240240 218218 122138
isla dupak, 225227 119125 226252 227233 126132 190198 157157 234244 182214 126140
isla dupak, 215225 119125 214224 227229 126132 190194 157157 230256 182222 106138
isla dupak, 205223 119141 220226 231237 126126 192192 157157 234262 218220 106138
isla dupak, 203203 121125 210212 223235 126130 192192 157158 246254 206212 000000
isla dupak, 203211 141141 212226 233233 126126 192194 157157 237249 188218 114138
isla dupak, 203221 119141 206218 231231 126126 192192 157169 240266 188188 134136
isla dupak, 209225 133137 222224 235237 126132 190192 157157 237241 182198 122132
isla dupak, 219235 113121 206210 223223 126126 190192 157159 238238 198204 128146
isla dupak, 000000 109117 226228 000000 126126 192192 157157 237280 214220 126166
isla dupak, 217237 123125 218220 225235 126130 192192 157163 256266 186201 114122
isla dupak, 203229 119125 202222 225231 126126 192192 157159 236248 184188 118138
isla dupak, 203205 125141 218226 229233 126126 000000 157157 248256 186218 106128
isla dupak, 211229 119125 206228 225227 126126 190192 157158 243249 218220 114150
isla dupak, 203235 121125 220238 225227 126126 190192 157157 238266 194218 106126
isla dupak, 207217 123135 216222 231233 126126 192192 157165 234246 194228 108138
isla dupak, 203205 000000 204216 227233 126126 190192 159163 236256 218220 136138
isla dupak, 203253 119125 216252 223225 126126 192196 157157 240256 220226 118146
isla dupak, 203233 000000 224230 231233 126132 190190 157157 234237 184194 134162
isla dupak, 211239 000000 216222 229231 126126 190192 157157 242243 000000 124158
isla dupak, 217219 121157 214224 227229 126132 192194 157157 264274 000000 130138
isla dupak, 221225 123125 210230 231235 126132 190192 157160 256258 188199 118132
isla dupak, 203211 129157 216230 229235 126126 192198 157157 234258 184196 122124
isla dupak, 217253 119123 206214 225231 126126 192192 157159 238242 214222 122126
isla dupak, 207215 129135 222226 223225 126132 190190 157157 236244 188212 130160
isla dupak, 203239 119157 230244 223233 126130 194194 157157 238238 198218 122130
isla dupak, 203213 117119 212222 227231 126132 190192 157158 236268 188210 128144
isla dupak, 207223 119123 212240 225233 126126 190192 157163 237274 199212 128144
isla dupak, 205205 119129 216222 227231 126126 190190 157159 234240 190218 108126
isla dupak, 205223 119119 222226 231231 126126 190192 157171 236237 000000 142148
isla dupak, 223255 123137 204230 231231 132136 190192 157165 230260 182186 138148
isla dupak, 215233 109135 206226 231231 126126 192192 158163 240264 194212 122124
isla dupak, 203225 133149 218224 225233 126126 194198 157163 236249 000000 106158
POP
goedup, 219237 123141 226226 223231 130130 192198 157157 242270 206218 126128
goedup, 203207 115119 222226 229229 126126 192192 163163 237242 184218 136156
goedup, 203205 139151 212226 223231 126130 190192 157165 235249 171232 122138
goedup, 205211 117119 206222 225229 132132 192192 157163 235251 000000 106142
goedup, 203217 000000 216222 223235 126134 190192 157158 274274 186218 130138
goedup, 203225 119123 212222 231233 126126 192198 159163 249249 186218 118126
goedup, 215235 129137 216224 233233 132132 192198 157159 237256 198198 118134
goedup, 211227 121123 216226 233233 132132 190198 157159 235243 184202 108130
goedup, 211223 119141 206216 231237 126126 192194 157157 231274 184218 132140
goedup, 203205 141157 222258 227235 126126 192198 157157 244264 188218 126146
goedup, 205211 121147 216222 231235 132134 190192 157163 244251 186216 122132
goedup, 219253 115137 216226 227231 126126 192198 157157 237244 198204 124124
goedup, 223227 133157 220230 227229 132136 192192 157159 236246 194206 122160
goedup, 203217 137141 222226 223231 126132 192192 157163 238264 188216 130132
goedup, 205237 000000 204216 229233 126136 190192 157157 246270 204228 126136
goedup, 227229 109127 204228 227233 126126 190192 157158 240248 198204 106126
goedup, 203205 119177 226244 225231 126130 000000 157157 237256 186212 132140
goedup, 205235 123129 202220 231233 126132 190192 157161 242254 218226 128144
goedup, 203217 119139 220226 225227 126132 192192 159163 237244 186186 112146
goedup, 203233 155155 224226 225231 126132 192200 157157 240240 218220 130138
goedup, 203215 129155 214222 231231 126126 192198 157159 236266 182200 118122
goedup, 201223 119123 212220 227231 126126 192198 157157 238256 204208 118138
goedup, 203203 119135 222226 233233 126126 190198 157157 256274 186218 118122
goedup, 203219 123145 212218 223231 126126 192198 157157 246272 194218 112140
goedup, 203211 137141 224230 229233 126132 190190 157157 262274 186194 122146
goedup, 205213 129137 226238 227231 126126 192194 157157 234274 218218 128130
goedup, 203211 119123 210216 225231 126132 192192 157157 234235 214218 126128
goedup, 203235 137141 214222 229233 126134 192198 157157 230237 194218 126138
goedup, 203211 141141 214224 231233 126136 192198 157157 235272 000000 124142
goedup, 203205 141141 212226 225233 126126 192192 157157 240240 236236 106118
goedup, 205221 119123 200222 231233 126132 192198 163165 242249 000000 000000
goedup, 223225 117127 222226 227235 126126 192194 157157 236248 186186 106158
goedup, 203215 123123 210222 225235 126126 192198 163165 234270 192194 106122
goedup, 203215 135163 222244 227233 126126 190192 157157 236240 208214 106106
goedup, 203215 135141 218218 227229 126126 192194 157157 237237 204218 120128
goedup, 203205 115159 210214 233235 126126 190198 157165 234242 204218 106118
goedup, 217241 135141 210222 233235 126126 192192 157157 235256 190220 116144
goedup, 203211 000000 214226 231233 126132 192192 157157 236240 204216 120138
goedup, 203233 123137 222230 227233 126126 192198 157157 237278 184202 000000
goedup, 205215 125157 204222 227231 126132 192198 157163 244270 214230 128154
goedup, 203223 111121 222226 225231 126136 190192 157157 237256 182188 106144
goedup, 203203 135149 222236 233237 132132 192198 157163 236236 186190 118122
goedup, 203225 135141 202234 223231 126126 192198 157157 266266 204212 134138
goedup, 203223 119123 204206 227231 126126 192192 157159 237244 198220 122126
goedup, 225233 119135 226234 231233 126126 192192 157157 235240 214218 120128
goedup, 217259 119141 226244 225231 126126 192192 157163 234274 182196 136148
goedup, 217217 141141 198218 227235 126132 192192 157159 272280 205220 122124
goedup, 203203 125141 206214 225233 126132 192192 159161 237266 204220 116138
goedup, 203203 123147 216224 227235 126126 192192 163163 237264 186204 126152
goedup, 203205 125141 214228 229235 132132 192192 157159 234256 204204 122130
goedup, 203211 137139 224232 231233 126126 190198 157161 266270 204226 106130
goedup, 203233 119149 220226 227235 126132 190194 157159 235244 194214 120122
goedup, 203203 121151 216220 229229 126126 190192 157159 253256 226228 118118
goedup, 217231 123141 232244 225233 132134 190192 157157 235235 222228 140150
goedup, 203253 121137 204216 227233 126126 192198 157157 234243 188204 118124
POP
barbados, 203235 121127 210248 225231 126132 190192 157157 236244 194220 114128
barbados, 205217 119119 204216 225229 126126 190192 157165 236236 216222 106144
barbados, 203203 135147 224226 233235 126136 190198 157163 238250 202226 126160
barbados, 211217 119121 228230 223231 126130 190190 157157 240244 220226 138160
barbados, 205225 121125 208216 227231 132132 192192 158159 244256 192196 146146
barbados, 217233 119121 216228 227233 126126 192198 157157 242256 194216 000000
barbados, 203209 000000 216222 223229 126130 192198 157157 234236 188226 118130
barbados, 203215 119119 222234 233233 130130 190190 157157 240246 182188 108126
barbados, 203243 111121 216224 231231 126126 190192 157159 234249 188198 118126
barbados, 203225 121135 206232 231231 126130 192198 157159 240249 182222 122156
barbados, 203211 121123 224236 227231 126132 192192 157163 238238 182204 138148
barbados, 227233 119123 216234 227233 126130 190190 157159 236245 186188 124142
barbados, 203223 133141 236240 231231 126126 192198 157157 234236 194204 118126
barbados, 203217 141145 222226 227235 126126 190192 145157 238240 182196 108108
barbados, 205221 125147 210238 223231 126132 192198 157157 234234 188200 106148
barbados, 203235 123123 230234 223231 126132 192198 157157 236256 188214 122136
barbados, 203211 121143 212248 223229 126132 190196 157159 234242 214216 118128
barbados, 213217 123169 204234 223231 126134 190198 157163 236248 193224 142148
barbados, 203223 119127 224236 231235 126126 192192 157165 234244 198220 114144
barbados, 211215 125139 204206 229233 126132 190190 157163 238246 200206 108168
barbados, 203217 111121 216228 225231 126126 190202 157157 234258 198222 136142
barbados, 203225 119149 204212 225233 132136 190192 158158 242251 186218 128148
barbados, 203207 111111 212218 223223 126132 190192 157163 236256 188220 118138
barbados, 225243 119125 206222 227235 130132 192198 157159 234248 204218 144146
barbados, 203241 117141 226226 231231 126126 192198 157158 238240 188214 122126
barbados, 203217 123145 216216 231233 126132 190192 157159 242242 182216 128152
barbados, 209237 121123 212226 227227 126130 190190 000000 236251 186220 126148
barbados, 203221 117121 220234 229229 126126 192198 158159 246249 194224 154158
barbados, 221239 000000 230248 223227 126126 192198 157157 238242 218222 120124
barbados, 203209 119139 204220 225233 126126 192198 157158 238238 199208 144148
barbados, 205211 131135 218226 229233 130132 198198 157157 244256 204240 112146
barbados, 203203 119139 208214 223227 126132 192194 157163 234256 202214 140166
barbados, 205233 121135 222226 223231 126126 190192 157157 236256 188202 124126
barbados, 211241 119135 212228 233233 130132 190190 159163 234238 188200 122138
barbados, 217237 111135 202244 229231 126132 198200 157159 236240 182212 116172
barbados, 235237 121141 208218 223229 130132 192198 157157 249251 198204 120142
barbados, 211231 121123 216226 223231 130132 190194 157163 236238 182222 130146
barbados, 217225 117133 202248 233235 132132 190192 157157 240246 199212 134148
barbados, 211213 127133 206228 231235 126132 192192 157158 238248 186199 144152
barbados, 215229 123153 206230 231235 126132 192196 165165 240249 194194 128154
barbados, 203227 123123 220220 227229 126132 190194 145157 240244 186222 126164
barbados, 203203 121121 210226 229233 124126 190190 157157 236240 186206 106124
barbados, 205217 119135 216222 227233 126132 192192 158163 234240 199220 106126
barbados, 209231 119127 214216 233237 126126 192192 157159 244274 186218 126134
barbados, 203217 123145 212226 223233 126132 190198 157159 236244 206222 122126
barbados, 205211 119147 208226 229231 126134 192192 157157 244248 176198 128138
barbados, 203261 133139 206226 231233 130132 190192 157159 236274 172198 108144
barbados, 211215 121139 226232 223227 126130 190192 157163 249256 186198 106138
barbados, 203211 111139 210216 231235 126126 190192 157163 248250 199222 122144
barbados, 205221 123149 204226 233233 126126 192198 157165 240274 182220 122148 