Microsatellite genotypes of Hypoplectrus puella from Barbados
g2
gag010
h24
hyp001
hyp015
hyp018
e2
hyp008
hyp016
pam013
POP
barbados ind#735 , 203235 121127 210248 225231 126132 190192 157157 236244 194220 114128
barbados ind#736 , 205217 119119 204216 225229 126126 190192 157165 236236 216222 106144
barbados ind#737 , 203203 135147 224226 233235 126136 190198 157163 238250 202226 126160
barbados ind#738 , 211217 119121 228230 223231 126130 190190 157157 240244 220226 138160
barbados ind#739 , 205225 121125 208216 227231 132132 192192 158159 244256 192196 146146
barbados ind#740 , 217233 119121 216228 227233 126126 192198 157157 242256 194216 000000
barbados ind#741 , 203209 000000 216222 223229 126130 192198 157157 234236 188226 118130
barbados ind#742 , 203215 119119 222234 233233 130130 190190 157157 240246 182188 108126
barbados ind#743 , 203243 111121 216224 231231 126126 190192 157159 234249 188198 118126
barbados ind#744 , 203225 121135 206232 231231 126130 192198 157159 240249 182222 122156
barbados ind#745 , 203211 121123 224236 227231 126132 192192 157163 238238 182204 138148
barbados ind#746 , 227233 119123 216234 227233 126130 190190 157159 236245 186188 124142
barbados ind#747 , 203223 133141 236240 231231 126126 192198 157157 234236 194204 118126
barbados ind#748 , 203217 141145 222226 227235 126126 190192 145157 238240 182196 108108
barbados ind#749 , 205221 125147 210238 223231 126132 192198 157157 234234 188200 106148
barbados ind#750 , 203235 123123 230234 223231 126132 192198 157157 236256 188214 122136
barbados ind#751 , 203211 121143 212248 223229 126132 190196 157159 234242 214216 118128
barbados ind#752 , 213217 123169 204234 223231 126134 190198 157163 236248 193224 142148
barbados ind#753 , 203223 119127 224236 231235 126126 192192 157165 234244 198220 114144
barbados ind#754 , 211215 125139 204206 229233 126132 190190 157163 238246 200206 108168
barbados ind#755 , 203217 111121 216228 225231 126126 190202 157157 234258 198222 136142
barbados ind#756 , 203225 119149 204212 225233 132136 190192 158158 242251 186218 128148
barbados ind#757 , 203207 111111 212218 223223 126132 190192 157163 236256 188220 118138
barbados ind#758 , 225243 119125 206222 227235 130132 192198 157159 234248 204218 144146
barbados ind#759 , 203241 117141 226226 231231 126126 192198 157158 238240 188214 122126
barbados ind#760 , 203217 123145 216216 231233 126132 190192 157159 242242 182216 128152
barbados ind#761 , 209237 121123 212226 227227 126130 190190 000000 236251 186220 126148
barbados ind#762 , 203221 117121 220234 229229 126126 192198 158159 246249 194224 154158
barbados ind#763 , 221239 000000 230248 223227 126126 192198 157157 238242 218222 120124
barbados ind#764 , 203209 119139 204220 225233 126126 192198 157158 238238 199208 144148
barbados ind#765 , 205211 131135 218226 229233 130132 198198 157157 244256 204240 112146
barbados ind#766 , 203203 119139 208214 223227 126132 192194 157163 234256 202214 140166
barbados ind#767 , 205233 121135 222226 223231 126126 190192 157157 236256 188202 124126
barbados ind#768 , 211241 119135 212228 233233 130132 190190 159163 234238 188200 122138
barbados ind#769 , 217237 111135 202244 229231 126132 198200 157159 236240 182212 116172
barbados ind#770 , 235237 121141 208218 223229 130132 192198 157157 249251 198204 120142
barbados ind#771 , 211231 121123 216226 223231 130132 190194 157163 236238 182222 130146
barbados ind#772 , 217225 117133 202248 233235 132132 190192 157157 240246 199212 134148
barbados ind#773 , 211213 127133 206228 231235 126132 192192 157158 238248 186199 144152
barbados ind#774 , 215229 123153 206230 231235 126132 192196 165165 240249 194194 128154
barbados ind#775 , 203227 123123 220220 227229 126132 190194 145157 240244 186222 126164
barbados ind#776 , 203203 121121 210226 229233 124126 190190 157157 236240 186206 106124
barbados ind#777 , 205217 119135 216222 227233 126132 192192 158163 234240 199220 106126
barbados ind#778 , 209231 119127 214216 233237 126126 192192 157159 244274 186218 126134
barbados ind#779 , 203217 123145 212226 223233 126132 190198 157159 236244 206222 122126
barbados ind#780 , 205211 119147 208226 229231 126134 192192 157157 244248 176198 128138
barbados ind#781 , 203261 133139 206226 231233 130132 190192 157159 236274 172198 108144
barbados ind#782 , 211215 121139 226232 223227 126130 190192 157163 249256 186198 106138
barbados ind#783 , 203211 111139 210216 231235 126126 190192 157163 248250 199222 122144
barbados ind#784 , 205221 123149 204226 233233 126126 192198 157165 240274 182220 122148 